# v=  1.0000 gamma=  1.0000 bias=  0.5000 gamma_r=  0.0000 N=1000000
# D_even_theory=  0.82142857 D_odd_theory=  0.49487166
# columns: t  <x>  <y>  <x^2>  <y^2>  <xy>  MSD  N_samples
  1.000000E-02  -3.3500000000E-05  -1.2990381057E-05   5.1922500000E-03   5.0557500000E-03   4.7631397208E-06   1.0248000000E-02 1000000
  1.182766E-02  -4.5500000000E-05  -4.2435244785E-05   6.0802500000E-03   5.9737500000E-03   3.5074028853E-05   1.2054000000E-02 1000000
  1.398935E-02  -2.9000000000E-05  -6.2353829072E-05   7.1675000000E-03   7.0965000000E-03   2.2516660498E-05   1.4264000000E-02 1000000
  1.654613E-02  -8.3500000000E-05  -4.5899346401E-05   8.4847500000E-03   8.4532500000E-03   2.5547749412E-05   1.6938000000E-02 1000000
  1.957020E-02  -1.1750000000E-04  -5.8023702054E-05   1.0047750000E-02   1.0073250000E-02   3.4208003449E-05   2.0121000000E-02 1000000
  2.314697E-02  -1.6650000000E-04  -1.0478907386E-04   1.1937250000E-02   1.1904750000E-02   7.5777222831E-05   2.3842000000E-02 1000000
  2.737744E-02  -1.0100000000E-04  -1.1951150572E-04   1.4206000000E-02   1.4163000000E-02   9.6128819820E-05   2.8369000000E-02 1000000
  3.238111E-02  -1.7700000000E-04  -9.1798692801E-05   1.6832000000E-02   1.6794000000E-02   1.1777945491E-04   3.3626000000E-02 1000000
  3.829927E-02  -1.5900000000E-04  -1.4722431864E-04   2.0009500000E-02   1.9900500000E-02   1.2210958193E-04   3.9910000000E-02 1000000
  4.529907E-02  -1.7650000000E-04  -1.5155444566E-04   2.3763750000E-02   2.3612250000E-02   1.4505925513E-04   4.7376000000E-02 1000000
  5.357820E-02  -2.2600000000E-04  -1.1085125168E-04   2.8429000000E-02   2.8191000000E-02   1.6800892833E-04   5.6620000000E-02 1000000
  6.337047E-02  -2.0400000000E-04  -8.6602540378E-06   3.3935000000E-02   3.3639000000E-02   1.5675059808E-04   6.7574000000E-02 1000000
  7.495244E-02  -2.8800000000E-04  -8.8334591186E-05   4.0559500000E-02   4.0201500000E-02   1.9485571585E-04   8.0761000000E-02 1000000
  8.865119E-02  -2.9200000000E-04  -5.8889727457E-05   4.8493500000E-02   4.8166500000E-02   1.8965956343E-04   9.6660000000E-02 1000000
  1.048536E-01  -2.4250000000E-04  -1.3076983597E-04   5.8118750000E-02   5.7758250000E-02   2.4984832899E-04   1.1587700000E-01 1000000
  1.240173E-01  -3.4400000000E-04  -7.4478184725E-05   6.9949000000E-02   6.9606000000E-02   3.5680246636E-04   1.3955500000E-01 1000000
  1.466834E-01  -3.4800000000E-04  -1.7320508076E-06   8.4122500000E-02   8.3695500000E-02   4.6592166724E-04   1.6781800000E-01 1000000
  1.734922E-01  -3.2100000000E-04   2.0784609691E-05   1.0162900000E-01   1.0111800000E-01   6.9628442464E-04   2.0274700000E-01 1000000
  2.052006E-01  -3.3550000000E-04   1.2990381057E-05   1.2319875000E-01   1.2279525000E-01   8.1363086686E-04   2.4599400000E-01 1000000
  2.427043E-01  -4.3950000000E-04   9.4396769013E-05   1.4957825000E-01   1.4950875000E-01   8.0237253661E-04   2.9908700000E-01 1000000
  2.870624E-01  -5.6450000000E-04   2.3469288443E-04   1.8234875000E-01   1.8190425000E-01   9.0716161046E-04   3.6425300000E-01 1000000
  3.395276E-01  -4.7450000000E-04   2.7799415461E-04   2.2330325000E-01   2.2330575000E-01   9.2967827096E-04   4.4660900000E-01 1000000
  4.015817E-01  -5.4750000000E-04   3.2822362803E-04   2.7510825000E-01   2.7588375000E-01   1.1955480699E-03   5.5099200000E-01 1000000
  4.749771E-01  -5.2950000000E-04   2.7799415461E-04   3.3983725000E-01   3.4078575000E-01   1.1730314094E-03   6.8062300000E-01 1000000
  5.617868E-01  -3.9900000000E-04   2.8578838325E-04   4.2260750000E-01   4.2356250000E-01   1.3778464174E-03   8.4617000000E-01 1000000
  6.644623E-01  -3.1800000000E-04   5.7850496973E-04   5.2702200000E-01   5.2818600000E-01   8.9547026751E-04   1.0552080000E+00 1000000
  7.859034E-01  -9.2500000000E-05   2.3642493523E-04   6.6045275000E-01   6.6194625000E-01   1.5835274508E-03   1.3223990000E+00 1000000
  9.295397E-01   1.2600000000E-04   3.0310889132E-04   8.2977500000E-01   8.3094000000E-01   1.3925688493E-03   1.6607150000E+00 1000000
  1.099428E+00   1.7650000000E-04   3.1090311996E-04   1.0457472500E+00   1.0486567500E+00   1.6926466517E-03   2.0944040000E+00 1000000
  1.300366E+00   4.9350000000E-04   6.8156199278E-04   1.3208547500E+00   1.3216792500E+00   2.2070657415E-03   2.6425340000E+00 1000000
  1.538029E+00   4.9050000000E-04   6.6250943390E-04   1.6669342500E+00   1.6665487500E+00   3.2099231591E-03   3.3334830000E+00 1000000
  1.819128E+00   6.3950000000E-04  -2.4681724008E-04   2.1031767500E+00   2.1045802500E+00   4.3556747683E-03   4.2077570000E+00 1000000
  2.151602E+00   5.6900000000E-04   6.2353829072E-05   2.6480450000E+00   2.6507400000E+00   4.0963001599E-03   5.2987850000E+00 1000000
  2.544842E+00   7.1450000000E-04   4.0443386357E-04   3.3215217500E+00   3.3240592500E+00   6.1474813288E-03   6.6455810000E+00 1000000
  3.009953E+00   1.4050000000E-03   5.7157676650E-05   4.1430545000E+00   4.1458545000E+00   8.6481296822E-03   8.2889090000E+00 1000000
  3.560069E+00   1.3855000000E-03   4.4167295593E-05   5.1315857500E+00   5.1323392500E+00   9.7995104565E-03   1.0263925000E+01 1000000
  4.210729E+00   1.2280000000E-03  -1.1604740411E-04   6.3025320000E+00   6.3043500000E+00   5.9868336164E-03   1.2606882000E+01 1000000
  4.980307E+00   5.3050000000E-04  -1.6714290293E-04   7.6675147500E+00   7.6749232500E+00   6.0011230355E-03   1.5342438000E+01 1000000
  5.890537E+00   1.8800000000E-04  -6.9282032303E-05   9.2602035000E+00   9.2467455000E+00   7.1187288191E-04   1.8506949000E+01 1000000
  6.967127E+00   4.3300000000E-04   5.1441908985E-04   1.1096398000E+01   1.1073777000E+01  -4.8315557277E-03   2.2170175000E+01 1000000
  8.240481E+00  -3.7450000000E-04  -9.4656576634E-04   1.3217900250E+01   1.3202706750E+01  -9.4669567015E-03   2.6420607000E+01 1000000
  9.746560E+00  -1.3125000000E-03  -2.1416808236E-03   1.5703421250E+01   1.5690414750E+01  -5.8759823647E-04   3.1393836000E+01 1000000
  1.152790E+01  -5.5150000000E-03  -4.2521847326E-03   1.8627367500E+01   1.8625159500E+01   9.3981076819E-03   3.7252527000E+01 1000000
  1.363481E+01  -5.9315000000E-03  -6.1375220366E-03   2.2098648250E+01   2.2109058750E+01   9.9441366990E-03   4.4207707000E+01 1000000
  1.612678E+01  -7.3440000000E-03  -5.3208600809E-03   2.6202373000E+01   2.6197458000E+01   5.0878992472E-03   5.2399831000E+01 1000000
  1.907421E+01  -6.9745000000E-03  -4.5908006655E-03   3.1051504750E+01   3.1030313250E+01   6.0678069916E-03   6.2081818000E+01 1000000
  2.256033E+01  -6.8775000000E-03  -5.1745017876E-03   3.6766864250E+01   3.6791910750E+01  -5.4052975577E-03   7.3558775000E+01 1000000
  2.668359E+01  -5.7570000000E-03  -4.0651232454E-03   4.3498409500E+01   4.3585339500E+01  -9.2526154140E-03   8.7083749000E+01 1000000
  3.156044E+01  -5.2050000000E-03  -7.3127185096E-03   5.1522617500E+01   5.1666142500E+01  -2.2979118064E-02   1.0318876000E+02 1000000
  3.732861E+01  -4.9350000000E-03  -6.7463378955E-03   6.0980978000E+01   6.1053057000E+01   3.9464777650E-03   1.2203403500E+02 1000000
  4.415101E+01  -6.9700000000E-04  -7.1897429022E-03   7.2196534500E+01   7.2225502500E+01   3.6563592548E-03   1.4442203700E+02 1000000
  5.222032E+01   1.6235000000E-03  -2.9990459733E-03   8.5526371250E+01   8.5487589750E+01  -3.9919007975E-02   1.7101396100E+02 1000000
  6.176441E+01  -4.9000000000E-05   3.9542719937E-03   1.0134117800E+02   1.0111767000E+02   1.7824534861E-02   2.0245884800E+02 1000000
  7.305284E+01   1.6940000000E-03   5.4039985196E-03   1.1992027950E+02   1.1969831850E+02   1.4082006078E-01   2.3961859800E+02 1000000
  8.640441E+01   5.5990000000E-03   4.5899346401E-03   1.4165768250E+02   1.4170900950E+02   1.2100972967E-01   2.8336669200E+02 1000000
  1.021962E+02  -1.6835000000E-03   7.3742063132E-03   1.6760273475E+02   1.6756866525E+02   1.3848915341E-01   3.3517140000E+02 1000000
  1.208742E+02   1.6495000000E-03   8.9122674303E-03   1.9848536225E+02   1.9818928875E+02   9.6764915479E-02   3.9667465100E+02 1000000
  1.429659E+02   4.6935000000E-03   5.0653825867E-03   2.3472489625E+02   2.3477082075E+02   7.8347153217E-02   4.6949571700E+02 1000000
  1.690952E+02   2.7800000000E-04   4.4634949311E-03   2.7765441650E+02   2.7720938850E+02  -7.9500266042E-02   5.5486380500E+02 1000000
  2.000000E+02  -8.2150000000E-04  -9.4838441968E-03   3.2921954275E+02   3.2809091625E+02  -1.4508047276E-01   6.5731045900E+02 1000000
