# gamma=  0.0100 epsilon=  0.1500 t=   50.00 L=  60 N=    20000000
# columns:  n1  n2  count
   0    0           1846
   0    1           1837
   0    2           2311
   0    3           2893
   0    4           3674
   0    5           5074
   0    6           6330
   0    7           8127
   0    8          10081
   0    9          12106
   0   10          14017
   0   11          15660
   0   12          17013
   0   13          17690
   0   14          17733
   0   15          17104
   0   16          16507
   0   17          14489
   0   18          12667
   0   19          11119
   0   20           8935
   0   21           7142
   0   22           5418
   0   23           3898
   0   24           2830
   0   25           1996
   0   26           1325
   0   27            890
   0   28            655
   0   29            453
   0   30            403
   0   31            499
   0   32            589
   0   33            935
   0   34           1310
   0   35           1986
   0   36           2853
   0   37           3961
   0   38           5392
   0   39           7124
   0   40           8851
   0   41          10804
   0   42          12927
   0   43          14861
   0   44          15988
   0   45          17322
   0   46          17662
   0   47          17429
   0   48          16688
   0   49          15729
   0   50          13814
   0   51          12093
   0   52           9884
   0   53           8237
   0   54           6326
   0   55           4991
   0   56           3779
   0   57           2881
   0   58           2227
   0   59           1946
   1    0           1960
   1    1           2175
   1    2           2625
   1    3           3376
   1    4           4459
   1    5           5698
   1    6           7429
   1    7           9024
   1    8          10774
   1    9          13055
   1   10          14814
   1   11          16170
   1   12          17321
   1   13          17593
   1   14          17339
   1   15          16895
   1   16          15227
   1   17          13782
   1   18          11765
   1   19           9678
   1   20           7910
   1   21           6035
   1   22           4584
   1   23           3346
   1   24           2264
   1   25           1614
   1   26           1122
   1   27            757
   1   28            564
   1   29            403
   1   30            412
   1   31            497
   1   32            777
   1   33           1074
   1   34           1616
   1   35           2417
   1   36           3451
   1   37           4557
   1   38           6153
   1   39           7919
   1   40           9785
   1   41          11868
   1   42          13643
   1   43          15339
   1   44          16635
   1   45          17454
   1   46          17861
   1   47          17185
   1   48          16336
   1   49          14706
   1   50          13017
   1   51          10949
   1   52           9287
   1   53           7317
   1   54           5758
   1   55           4470
   1   56           3348
   1   57           2655
   1   58           2206
   1   59           2014
   2    0           2335
   2    1           2595
   2    2           3263
   2    3           4147
   2    4           5284
   2    5           6709
   2    6           8418
   2    7          10111
   2    8          11920
   2    9          14000
   2   10          15236
   2   11          16853
   2   12          17272
   2   13          17196
   2   14          16625
   2   15          15630
   2   16          14088
   2   17          12545
   2   18          10524
   2   19           8451
   2   20           6671
   2   21           5059
   2   22           3621
   2   23           2719
   2   24           1862
   2   25           1321
   2   26            838
   2   27            571
   2   28            412
   2   29            366
   2   30            407
   2   31            548
   2   32            867
   2   33           1239
   2   34           1891
   2   35           2664
   2   36           3866
   2   37           5037
   2   38           6502
   2   39           8448
   2   40          10270
   2   41          12241
   2   42          14214
   2   43          15845
   2   44          16498
   2   45          17194
   2   46          17246
   2   47          16472
   2   48          15425
   2   49          13833
   2   50          12072
   2   51           9918
   2   52           8511
   2   53           6819
   2   54           5252
   2   55           4214
   2   56           3327
   2   57           2641
   2   58           2224
   2   59           2209
   3    0           2839
   3    1           3423
   3    2           4139
   3    3           5100
   3    4           6343
   3    5           7834
   3    6           9619
   3    7          11232
   3    8          12845
   3    9          14452
   3   10          15554
   3   11          16560
   3   12          16495
   3   13          16441
   3   14          15340
   3   15          14202
   3   16          12393
   3   17          10707
   3   18           8934
   3   19           6973
   3   20           5539
   3   21           4149
   3   22           2987
   3   23           2147
   3   24           1482
   3   25            989
   3   26            687
   3   27            493
   3   28            409
   3   29            370
   3   30            461
   3   31            612
   3   32            957
   3   33           1454
   3   34           2059
   3   35           3086
   3   36           4097
   3   37           5395
   3   38           7006
   3   39           8953
   3   40          10701
   3   41          12776
   3   42          14086
   3   43          15346
   3   44          16522
   3   45          16488
   3   46          16419
   3   47          15577
   3   48          14444
   3   49          12719
   3   50          11304
   3   51           9416
   3   52           7838
   3   53           6421
   3   54           5148
   3   55           4034
   3   56           3362
   3   57           2883
   3   58           2716
   3   59           2617
   4    0           3818
   4    1           4284
   4    2           5248
   4    3           6377
   4    4           7686
   4    5           9088
   4    6          10524
   4    7          12067
   4    8          13580
   4    9          14537
   4   10          15554
   4   11          15860
   4   12          15607
   4   13          15069
   4   14          13801
   4   15          12543
   4   16          10812
   4   17           9100
   4   18           7245
   4   19           5617
   4   20           4387
   4   21           3274
   4   22           2276
   4   23           1598
   4   24           1072
   4   25            739
   4   26            490
   4   27            363
   4   28            340
   4   29            376
   4   30            481
   4   31            684
   4   32           1114
   4   33           1590
   4   34           2273
   4   35           3261
   4   36           4228
   4   37           5803
   4   38           7455
   4   39           8965
   4   40          10503
   4   41          12425
   4   42          13964
   4   43          14924
   4   44          15851
   4   45          15619
   4   46          15573
   4   47          14713
   4   48          13587
   4   49          12294
   4   50          10704
   4   51           9182
   4   52           7810
   4   53           6361
   4   54           5302
   4   55           4432
   4   56           3790
   4   57           3400
   4   58           3216
   4   59           3325
   5    0           5007
   5    1           5772
   5    2           6649
   5    3           7934
   5    4           9168
   5    5          10560
   5    6          11819
   5    7          13139
   5    8          14045
   5    9          14737
   5   10          15231
   5   11          14833
   5   12          14197
   5   13          13409
   5   14          11909
   5   15          10335
   5   16           8777
   5   17           7348
   5   18           5902
   5   19           4537
   5   20           3280
   5   21           2389
   5   22           1667
   5   23           1129
   5   24            809
   5   25            496
   5   26            371
   5   27            296
   5   28            289
   5   29            370
   5   30            531
   5   31            824
   5   32           1144
   5   33           1723
   5   34           2385
   5   35           3341
   5   36           4423
   5   37           5820
   5   38           7351
   5   39           8956
   5   40          10541
   5   41          12120
   5   42          13404
   5   43          14338
   5   44          14821
   5   45          15133
   5   46          14724
   5   47          14071
   5   48          13127
   5   49          11676
   5   50          10439
   5   51           9295
   5   52           7967
   5   53           6699
   5   54           5635
   5   55           4958
   5   56           4466
   5   57           4153
   5   58           4080
   5   59           4400
   6    0           6345
   6    1           7319
   6    2           8305
   6    3           9353
   6    4          10892
   6    5          11919
   6    6          12962
   6    7          13464
   6    8          14067
   6    9          14494
   6   10          14221
   6   11          13673
   6   12          12591
   6   13          11709
   6   14          10306
   6   15           8714
   6   16           7183
   6   17           5704
   6   18           4498
   6   19           3452
   6   20           2491
   6   21           1721
   6   22           1221
   6   23            810
   6   24            558
   6   25            386
   6   26            248
   6   27            255
   6   28            243
   6   29            400
   6   30            557
   6   31            858
   6   32           1239
   6   33           1735
   6   34           2432
   6   35           3342
   6   36           4368
   6   37           5783
   6   38           7143
   6   39           8462
   6   40          10036
   6   41          11600
   6   42          12722
   6   43          13672
   6   44          14331
   6   45          14252
   6   46          14370
   6   47          13650
   6   48          12874
   6   49          11914
   6   50          10703
   6   51           9311
   6   52           8283
   6   53           7247
   6   54           6263
   6   55           5719
   6   56           5311
   6   57           5098
   6   58           5238
   6   59           5751
   7    0           7956
   7    1           9094
   7    2          10361
   7    3          10970
   7    4          12354
   7    5          13175
   7    6          13708
   7    7          13960
   7    8          14126
   7    9          13535
   7   10          13255
   7   11          12062
   7   12          10898
   7   13           9584
   7   14           8128
   7   15           6756
   7   16           5545
   7   17           4352
   7   18           3322
   7   19           2448
   7   20           1746
   7   21           1248
   7   22            859
   7   23            571
   7   24            358
   7   25            268
   7   26            243
   7   27            208
   7   28            231
   7   29            392
   7   30            584
   7   31            887
   7   32           1286
   7   33           1749
   7   34           2452
   7   35           3258
   7   36           4328
   7   37           5437
   7   38           6780
   7   39           8113
   7   40           9618
   7   41          10767
   7   42          11990
   7   43          12881
   7   44          13658
   7   45          14003
   7   46          14071
   7   47          13761
   7   48          12947
   7   49          12089
   7   50          11305
   7   51          10214
   7   52           9253
   7   53           7925
   7   54           7330
   7   55           6663
   7   56           6232
   7   57           6349
   7   58           6683
   7   59           7144
   8    0           9983
   8    1          10852
   8    2          12128
   8    3          13062
   8    4          13500
   8    5          14193
   8    6          14134
   8    7          13911
   8    8          13549
   8    9          12782
   8   10          11728
   8   11          10464
   8   12           9236
   8   13           7861
   8   14           6544
   8   15           5334
   8   16           4241
   8   17           3186
   8   18           2464
   8   19           1771
   8   20           1243
   8   21            857
   8   22            575
   8   23            388
   8   24            270
   8   25            178
   8   26            179
   8   27            180
   8   28            276
   8   29            375
   8   30            583
   8   31            817
   8   32           1256
   8   33           1757
   8   34           2370
   8   35           3371
   8   36           4176
   8   37           5461
   8   38           6494
   8   39           7993
   8   40           9162
   8   41          10568
   8   42          11935
   8   43          12922
   8   44          13451
   8   45          13666
   8   46          14146
   8   47          14057
   8   48          13359
   8   49          12926
   8   50          11883
   8   51          10900
   8   52           9774
   8   53           9200
   8   54           8363
   8   55           7828
   8   56           7645
   8   57           7847
   8   58           8232
   8   59           9083
   9    0          12051
   9    1          12933
   9    2          13867
   9    3          14425
   9    4          14985
   9    5          14818
   9    6          14474
   9    7          13576
   9    8          12602
   9    9          11533
   9   10          10318
   9   11           8733
   9   12           7572
   9   13           6168
   9   14           5156
   9   15           3963
   9   16           3121
   9   17           2322
   9   18           1700
   9   19           1172
   9   20            904
   9   21            528
   9   22            392
   9   23            236
   9   24            167
   9   25            139
   9   26            110
   9   27            170
   9   28            231
   9   29            352
   9   30            603
   9   31            855
   9   32           1196
   9   33           1718
   9   34           2406
   9   35           3091
   9   36           4057
   9   37           5059
   9   38           6192
   9   39           7561
   9   40           8866
   9   41          10162
   9   42          11536
   9   43          12697
   9   44          13628
   9   45          14604
   9   46          14559
   9   47          14695
   9   48          14398
   9   49          13752
   9   50          12755
   9   51          11921
   9   52          10918
   9   53          10252
   9   54           9676
   9   55           9311
   9   56           9176
   9   57           9514
   9   58          10184
   9   59          11021
  10    0          13934
  10    1          14893
  10    2          15426
  10    3          15737
  10    4          15565
  10    5          15104
  10    6          14109
  10    7          13191
  10    8          11514
  10    9          10211
  10   10           8843
  10   11           7359
  10   12           6036
  10   13           4831
  10   14           3816
  10   15           3004
  10   16           2251
  10   17           1546
  10   18           1133
  10   19            754
  10   20            600
  10   21            356
  10   22            225
  10   23            176
  10   24            113
  10   25            114
  10   26            106
  10   27            166
  10   28            242
  10   29            340
  10   30            533
  10   31            716
  10   32           1113
  10   33           1566
  10   34           2167
  10   35           2850
  10   36           3838
  10   37           4921
  10   38           6051
  10   39           7466
  10   40           8794
  10   41          10168
  10   42          11765
  10   43          13130
  10   44          14059
  10   45          15191
  10   46          15564
  10   47          15800
  10   48          15273
  10   49          14853
  10   50          13832
  10   51          12876
  10   52          11940
  10   53          11201
  10   54          10785
  10   55          10595
  10   56          10600
  10   57          11365
  10   58          12027
  10   59          12910
  11    0          15813
  11    1          16204
  11    2          16550
  11    3          16551
  11    4          15662
  11    5          14939
  11    6          13635
  11    7          11929
  11    8          10589
  11    9           9066
  11   10           7307
  11   11           5994
  11   12           4807
  11   13           3643
  11   14           2818
  11   15           2105
  11   16           1468
  11   17           1084
  11   18            771
  11   19            525
  11   20            363
  11   21            234
  11   22            141
  11   23            112
  11   24             79
  11   25             72
  11   26            113
  11   27            141
  11   28            253
  11   29            319
  11   30            532
  11   31            747
  11   32           1120
  11   33           1555
  11   34           2041
  11   35           2784
  11   36           3726
  11   37           4771
  11   38           5954
  11   39           7511
  11   40           8931
  11   41          10337
  11   42          11996
  11   43          13678
  11   44          14883
  11   45          15590
  11   46          16525
  11   47          16457
  11   48          16231
  11   49          15682
  11   50          14887
  11   51          13656
  11   52          12938
  11   53          12172
  11   54          12048
  11   55          11829
  11   56          12211
  11   57          12684
  11   58          13959
  11   59          14704
  12    0          17034
  12    1          17398
  12    2          17057
  12    3          16806
  12    4          15777
  12    5          14523
  12    6          12374
  12    7          11188
  12    8           9275
  12    9           7564
  12   10           6006
  12   11           4713
  12   12           3594
  12   13           2746
  12   14           2020
  12   15           1465
  12   16           1009
  12   17            706
  12   18            478
  12   19            318
  12   20            201
  12   21            135
  12   22             88
  12   23             68
  12   24             56
  12   25             48
  12   26            101
  12   27            144
  12   28            218
  12   29            302
  12   30            499
  12   31            685
  12   32           1061
  12   33           1557
  12   34           2098
  12   35           2694
  12   36           3616
  12   37           4877
  12   38           6147
  12   39           7620
  12   40           9189
  12   41          11076
  12   42          12733
  12   43          14309
  12   44          15556
  12   45          16720
  12   46          17210
  12   47          17557
  12   48          17133
  12   49          16248
  12   50          15314
  12   51          14488
  12   52          13628
  12   53          13132
  12   54          12702
  12   55          13146
  12   56          13673
  12   57          14501
  12   58          15418
  12   59          16369
  13    0          17430
  13    1          17604
  13    2          17356
  13    3          16310
  13    4          15030
  13    5          13195
  13    6          11352
  13    7           9712
  13    8           7855
  13    9           6301
  13   10           4882
  13   11           3640
  13   12           2825
  13   13           2007
  13   14           1436
  13   15            968
  13   16            689
  13   17            452
  13   18            356
  13   19            241
  13   20            134
  13   21             84
  13   22             39
  13   23             42
  13   24             41
  13   25             66
  13   26             71
  13   27            125
  13   28            198
  13   29            303
  13   30            447
  13   31            686
  13   32           1074
  13   33           1445
  13   34           2053
  13   35           2799
  13   36           3716
  13   37           4850
  13   38           6315
  13   39           7882
  13   40           9780
  13   41          11426
  13   42          13318
  13   43          14909
  13   44          16414
  13   45          17156
  13   46          17761
  13   47          17586
  13   48          17242
  13   49          16446
  13   50          15680
  13   51          14912
  13   52          14194
  13   53          13881
  13   54          13912
  13   55          14218
  13   56          14831
  13   57          15518
  13   58          16430
  13   59          17321
  14    0          17927
  14    1          17363
  14    2          16907
  14    3          15496
  14    4          14004
  14    5          11867
  14    6           9958
  14    7           8383
  14    8           6599
  14    9           5002
  14   10           3739
  14   11           2744
  14   12           1995
  14   13           1408
  14   14           1031
  14   15            616
  14   16            412
  14   17            307
  14   18            196
  14   19            110
  14   20             72
  14   21             49
  14   22             36
  14   23             37
  14   24             28
  14   25             56
  14   26             94
  14   27            138
  14   28            187
  14   29            266
  14   30            452
  14   31            721
  14   32            967
  14   33           1360
  14   34           1998
  14   35           2727
  14   36           3853
  14   37           5091
  14   38           6469
  14   39           8202
  14   40          10070
  14   41          12043
  14   42          13810
  14   43          15535
  14   44          16475
  14   45          17438
  14   46          17740
  14   47          17897
  14   48          17128
  14   49          16481
  14   50          15398
  14   51          14756
  14   52          14092
  14   53          13705
  14   54          14057
  14   55          14777
  14   56          15561
  14   57          16391
  14   58          17081
  14   59          17818
  15    0          17514
  15    1          16664
  15    2          15460
  15    3          14232
  15    4          12390
  15    5          10468
  15    6           8554
  15    7           6872
  15    8           5377
  15    9           4087
  15   10           2970
  15   11           2069
  15   12           1492
  15   13            992
  15   14            663
  15   15            454
  15   16            302
  15   17            173
  15   18            122
  15   19             64
  15   20             45
  15   21             31
  15   22             26
  15   23             29
  15   24             29
  15   25             45
  15   26             58
  15   27            128
  15   28            159
  15   29            302
  15   30            447
  15   31            672
  15   32           1023
  15   33           1485
  15   34           2040
  15   35           2953
  15   36           4085
  15   37           5246
  15   38           6889
  15   39           8758
  15   40          10590
  15   41          12261
  15   42          14179
  15   43          15697
  15   44          16829
  15   45          17261
  15   46          17591
  15   47          17002
  15   48          16485
  15   49          15942
  15   50          14973
  15   51          14337
  15   52          14082
  15   53          14032
  15   54          14392
  15   55          15259
  15   56          15610
  15   57          16601
  15   58          17117
  15   59          17520
  16    0          16234
  16    1          15210
  16    2          14154
  16    3          12499
  16    4          10600
  16    5           8864
  16    6           6971
  16    7           5496
  16    8           4083
  16    9           3032
  16   10           2160
  16   11           1516
  16   12           1065
  16   13            711
  16   14            490
  16   15            276
  16   16            189
  16   17            109
  16   18             51
  16   19             41
  16   20             27
  16   21             20
  16   22             18
  16   23             20
  16   24             23
  16   25             55
  16   26             66
  16   27            124
  16   28            178
  16   29            262
  16   30            464
  16   31            726
  16   32           1019
  16   33           1572
  16   34           2238
  16   35           3137
  16   36           4263
  16   37           5454
  16   38           7173
  16   39           8758
  16   40          10632
  16   41          12523
  16   42          14081
  16   43          15169
  16   44          16343
  16   45          16771
  16   46          16663
  16   47          16226
  16   48          15657
  16   49          14719
  16   50          14255
  16   51          13832
  16   52          13460
  16   53          13720
  16   54          14217
  16   55          14851
  16   56          15608
  16   57          16413
  16   58          16812
  16   59          16867
  17    0          14577
  17    1          13715
  17    2          12351
  17    3          10685
  17    4           8914
  17    5           7408
  17    6           5637
  17    7           4364
  17    8           3154
  17    9           2294
  17   10           1611
  17   11           1083
  17   12            711
  17   13            413
  17   14            327
  17   15            194
  17   16            105
  17   17             70
  17   18             36
  17   19             18
  17   20             10
  17   21             12
  17   22             17
  17   23             17
  17   24             23
  17   25             51
  17   26             67
  17   27            127
  17   28            174
  17   29            286
  17   30            473
  17   31            724
  17   32           1057
  17   33           1587
  17   34           2270
  17   35           3279
  17   36           4271
  17   37           5692
  17   38           7208
  17   39           9085
  17   40          10721
  17   41          12338
  17   42          13746
  17   43          14732
  17   44          15536
  17   45          15649
  17   46          15316
  17   47          14957
  17   48          14471
  17   49          13698
  17   50          13160
  17   51          12719
  17   52          12762
  17   53          13105
  17   54          13751
  17   55          14221
  17   56          14953
  17   57          15368
  17   58          15440
  17   59          15722
  18    0          13012
  18    1          11665
  18    2          10539
  18    3           8946
  18    4           7233
  18    5           5791
  18    6           4402
  18    7           3310
  18    8           2479
  18    9           1570
  18   10           1134
  18   11            730
  18   12            494
  18   13            294
  18   14            186
  18   15            108
  18   16             61
  18   17             38
  18   18             24
  18   19             11
  18   20              5
  18   21              9
  18   22             10
  18   23              9
  18   24             29
  18   25             34
  18   26             72
  18   27            100
  18   28            190
  18   29            298
  18   30            490
  18   31            753
  18   32           1167
  18   33           1660
  18   34           2437
  18   35           3325
  18   36           4414
  18   37           5704
  18   38           7330
  18   39           8943
  18   40          10385
  18   41          11888
  18   42          13170
  18   43          13701
  18   44          14042
  18   45          13906
  18   46          13941
  18   47          13325
  18   48          12657
  18   49          11840
  18   50          11812
  18   51          11452
  18   52          11656
  18   53          12348
  18   54          12523
  18   55          13241
  18   56          13769
  18   57          14336
  18   58          14165
  18   59          13611
  19    0          10924
  19    1           9954
  19    2           8551
  19    3           7100
  19    4           5730
  19    5           4500
  19    6           3323
  19    7           2470
  19    8           1701
  19    9           1164
  19   10            866
  19   11            459
  19   12            319
  19   13            204
  19   14            104
  19   15             74
  19   16             42
  19   17             22
  19   18              9
  19   19              9
  19   20             10
  19   21              5
  19   22              9
  19   23             16
  19   24             20
  19   25             41
  19   26             63
  19   27            107
  19   28            188
  19   29            307
  19   30            543
  19   31            805
  19   32           1242
  19   33           1745
  19   34           2438
  19   35           3409
  19   36           4513
  19   37           5640
  19   38           7054
  19   39           8482
  19   40           9935
  19   41          10831
  19   42          11723
  19   43          12357
  19   44          12623
  19   45          12362
  19   46          11974
  19   47          11343
  19   48          10941
  19   49          10404
  19   50          10357
  19   51          10351
  19   52          10600
  19   53          10877
  19   54          11418
  19   55          11889
  19   56          12521
  19   57          12540
  19   58          12128
  19   59          11848
  20    0           8770
  20    1           7880
  20    2           6862
  20    3           5421
  20    4           4304
  20    5           3401
  20    6           2396
  20    7           1706
  20    8           1227
  20    9            800
  20   10            531
  20   11            343
  20   12            223
  20   13            115
  20   14             74
  20   15             39
  20   16             30
  20   17             20
  20   18              3
  20   19              3
  20   20              8
  20   21              8
  20   22              8
  20   23              8
  20   24             30
  20   25             35
  20   26             74
  20   27            119
  20   28            187
  20   29            350
  20   30            554
  20   31            859
  20   32           1221
  20   33           1787
  20   34           2413
  20   35           3309
  20   36           4296
  20   37           5367
  20   38           6766
  20   39           7880
  20   40           9015
  20   41           9687
  20   42          10291
  20   43          10730
  20   44          10768
  20   45          10686
  20   46           9987
  20   47           9723
  20   48           9251
  20   49           8883
  20   50           8984
  20   51           8792
  20   52           9298
  20   53           9505
  20   54          10013
  20   55          10300
  20   56          10768
  20   57          10795
  20   58          10486
  20   59           9674
  21    0           7032
  21    1           6048
  21    2           5108
  21    3           4182
  21    4           3223
  21    5           2423
  21    6           1790
  21    7           1208
  21    8            843
  21    9            582
  21   10            364
  21   11            240
  21   12            125
  21   13             93
  21   14             40
  21   15             33
  21   16             17
  21   17             13
  21   18             13
  21   19             10
  21   20              7
  21   21             12
  21   22              9
  21   23             16
  21   24             22
  21   25             50
  21   26             76
  21   27            147
  21   28            226
  21   29            361
  21   30            552
  21   31            860
  21   32           1268
  21   33           1746
  21   34           2384
  21   35           3215
  21   36           4145
  21   37           5053
  21   38           6110
  21   39           7004
  21   40           7900
  21   41           8451
  21   42           8873
  21   43           9040
  21   44           8968
  21   45           8570
  21   46           8260
  21   47           8018
  21   48           7592
  21   49           7468
  21   50           7472
  21   51           7464
  21   52           7867
  21   53           8244
  21   54           8755
  21   55           8914
  21   56           9036
  21   57           8942
  21   58           8478
  21   59           7770
  22    0           5465
  22    1           4652
  22    2           3586
  22    3           3068
  22    4           2341
  22    5           1675
  22    6           1229
  22    7            847
  22    8            584
  22    9            408
  22   10            255
  22   11            152
  22   12             88
  22   13             63
  22   14             38
  22   15             21
  22   16             16
  22   17             15
  22   18             17
  22   19              9
  22   20             19
  22   21             13
  22   22             18
  22   23             20
  22   24             39
  22   25             54
  22   26             86
  22   27            151
  22   28            242
  22   29            387
  22   30            585
  22   31            815
  22   32           1160
  22   33           1728
  22   34           2310
  22   35           2935
  22   36           3722
  22   37           4595
  22   38           5398
  22   39           6006
  22   40           6744
  22   41           7168
  22   42           7238
  22   43           7264
  22   44           7384
  22   45           6832
  22   46           6587
  22   47           6374
  22   48           6098
  22   49           6069
  22   50           6042
  22   51           6359
  22   52           6581
  22   53           6836
  22   54           7130
  22   55           7272
  22   56           7336
  22   57           7175
  22   58           6596
  22   59           6185
  23    0           4103
  23    1           3307
  23    2           2702
  23    3           2141
  23    4           1630
  23    5           1166
  23    6            806
  23    7            556
  23    8            377
  23    9            241
  23   10            161
  23   11             91
  23   12             66
  23   13             31
  23   14             23
  23   15             21
  23   16             19
  23   17             21
  23   18             15
  23   19             16
  23   20             17
  23   21             20
  23   22             23
  23   23             24
  23   24             46
  23   25             68
  23   26             86
  23   27            155
  23   28            239
  23   29            385
  23   30            578
  23   31            805
  23   32           1162
  23   33           1537
  23   34           2076
  23   35           2703
  23   36           3280
  23   37           3862
  23   38           4558
  23   39           5148
  23   40           5551
  23   41           5821
  23   42           5697
  23   43           5701
  23   44           5687
  23   45           5266
  23   46           4995
  23   47           4836
  23   48           4682
  23   49           4816
  23   50           5064
  23   51           5059
  23   52           5295
  23   53           5547
  23   54           5874
  23   55           5925
  23   56           5663
  23   57           5617
  23   58           5141
  23   59           4660
  24    0           2871
  24    1           2336
  24    2           1898
  24    3           1459
  24    4           1099
  24    5            799
  24    6            564
  24    7            372
  24    8            286
  24    9            169
  24   10            110
  24   11             94
  24   12             72
  24   13             47
  24   14             43
  24   15             31
  24   16             28
  24   17             15
  24   18             20
  24   19             26
  24   20             26
  24   21             28
  24   22             30
  24   23             49
  24   24             70
  24   25             80
  24   26            130
  24   27            173
  24   28            281
  24   29            363
  24   30            579
  24   31            724
  24   32           1065
  24   33           1429
  24   34           1940
  24   35           2314
  24   36           2872
  24   37           3403
  24   38           3865
  24   39           4171
  24   40           4479
  24   41           4486
  24   42           4550
  24   43           4425
  24   44           4244
  24   45           4077
  24   46           3822
  24   47           3670
  24   48           3649
  24   49           3628
  24   50           3814
  24   51           4014
  24   52           4242
  24   53           4396
  24   54           4579
  24   55           4461
  24   56           4373
  24   57           4098
  24   58           3693
  24   59           3390
  25    0           1889
  25    1           1639
  25    2           1247
  25    3            962
  25    4            706
  25    5            508
  25    6            378
  25    7            266
  25    8            185
  25    9            150
  25   10             99
  25   11             81
  25   12             72
  25   13             65
  25   14             43
  25   15             39
  25   16             36
  25   17             39
  25   18             37
  25   19             42
  25   20             50
  25   21             51
  25   22             50
  25   23             64
  25   24             89
  25   25            104
  25   26            140
  25   27            181
  25   28            276
  25   29            385
  25   30            546
  25   31            754
  25   32            947
  25   33           1240
  25   34           1666
  25   35           1936
  25   36           2366
  25   37           2621
  25   38           3014
  25   39           3223
  25   40           3303
  25   41           3387
  25   42           3323
  25   43           3209
  25   44           3145
  25   45           2990
  25   46           2774
  25   47           2734
  25   48           2725
  25   49           2847
  25   50           3050
  25   51           3076
  25   52           3229
  25   53           3311
  25   54           3431
  25   55           3407
  25   56           3288
  25   57           2998
  25   58           2678
  25   59           2365
  26    0           1351
  26    1           1124
  26    2            862
  26    3            643
  26    4            447
  26    5            361
  26    6            285
  26    7            225
  26    8            194
  26    9            141
  26   10            126
  26   11            104
  26   12            103
  26   13             99
  26   14             81
  26   15             67
  26   16             89
  26   17             73
  26   18             73
  26   19             81
  26   20             67
  26   21             85
  26   22             97
  26   23            112
  26   24            126
  26   25            133
  26   26            194
  26   27            216
  26   28            275
  26   29            374
  26   30            494
  26   31            625
  26   32            841
  26   33           1105
  26   34           1378
  26   35           1579
  26   36           1967
  26   37           2077
  26   38           2311
  26   39           2404
  26   40           2510
  26   41           2412
  26   42           2422
  26   43           2342
  26   44           2121
  26   45           2060
  26   46           2035
  26   47           1965
  26   48           2111
  26   49           2075
  26   50           2199
  26   51           2382
  26   52           2465
  26   53           2479
  26   54           2395
  26   55           2493
  26   56           2266
  26   57           2048
  26   58           1864
  26   59           1624
  27    0            922
  27    1            758
  27    2            561
  27    3            443
  27    4            392
  27    5            274
  27    6            267
  27    7            205
  27    8            179
  27    9            166
  27   10            152
  27   11            154
  27   12            149
  27   13            152
  27   14            115
  27   15            116
  27   16            109
  27   17            120
  27   18            104
  27   19            136
  27   20            124
  27   21            128
  27   22            156
  27   23            160
  27   24            170
  27   25            199
  27   26            193
  27   27            224
  27   28            276
  27   29            358
  27   30            459
  27   31            578
  27   32            749
  27   33            885
  27   34           1137
  27   35           1304
  27   36           1499
  27   37           1622
  27   38           1682
  27   39           1756
  27   40           1672
  27   41           1825
  27   42           1705
  27   43           1622
  27   44           1516
  27   45           1447
  27   46           1441
  27   47           1434
  27   48           1501
  27   49           1458
  27   50           1622
  27   51           1675
  27   52           1737
  27   53           1758
  27   54           1780
  27   55           1702
  27   56           1587
  27   57           1522
  27   58           1295
  27   59           1084
  28    0            671
  28    1            489
  28    2            439
  28    3            361
  28    4            327
  28    5            287
  28    6            293
  28    7            242
  28    8            282
  28    9            246
  28   10            258
  28   11            221
  28   12            189
  28   13            197
  28   14            192
  28   15            171
  28   16            177
  28   17            158
  28   18            204
  28   19            174
  28   20            234
  28   21            239
  28   22            236
  28   23            258
  28   24            262
  28   25            248
  28   26            279
  28   27            306
  28   28            313
  28   29            373
  28   30            430
  28   31            555
  28   32            611
  28   33            761
  28   34            823
  28   35            929
  28   36           1100
  28   37           1138
  28   38           1184
  28   39           1222
  28   40           1261
  28   41           1177
  28   42           1158
  28   43           1089
  28   44           1032
  28   45           1027
  28   46            949
  28   47            980
  28   48           1029
  28   49           1076
  28   50           1149
  28   51           1216
  28   52           1247
  28   53           1253
  28   54           1262
  28   55           1179
  28   56           1102
  28   57            950
  28   58            765
  28   59            750
  29    0            459
  29    1            403
  29    2            386
  29    3            354
  29    4            375
  29    5            385
  29    6            355
  29    7            378
  29    8            371
  29    9            356
  29   10            380
  29   11            358
  29   12            329
  29   13            322
  29   14            294
  29   15            304
  29   16            289
  29   17            308
  29   18            306
  29   19            313
  29   20            344
  29   21            377
  29   22            375
  29   23            382
  29   24            414
  29   25            351
  29   26            366
  29   27            345
  29   28            390
  29   29            419
  29   30            430
  29   31            490
  29   32            532
  29   33            613
  29   34            677
  29   35            785
  29   36            779
  29   37            847
  29   38            900
  29   39            872
  29   40            832
  29   41            800
  29   42            742
  29   43            721
  29   44            662
  29   45            679
  29   46            713
  29   47            644
  29   48            719
  29   49            755
  29   50            787
  29   51            781
  29   52            785
  29   53            818
  29   54            803
  29   55            751
  29   56            698
  29   57            647
  29   58            613
  29   59            515
  30    0            413
  30    1            452
  30    2            441
  30    3            477
  30    4            491
  30    5            512
  30    6            581
  30    7            555
  30    8            565
  30    9            558
  30   10            580
  30   11            553
  30   12            499
  30   13            462
  30   14            455
  30   15            447
  30   16            424
  30   17            462
  30   18            450
  30   19            496
  30   20            601
  30   21            615
  30   22            536
  30   23            606
  30   24            539
  30   25            511
  30   26            511
  30   27            474
  30   28            470
  30   29            432
  30   30            442
  30   31            395
  30   32            455
  30   33            487
  30   34            468
  30   35            521
  30   36            586
  30   37            579
  30   38            577
  30   39            549
  30   40            572
  30   41            481
  30   42            490
  30   43            498
  30   44            430
  30   45            432
  30   46            437
  30   47            443
  30   48            517
  30   49            537
  30   50            543
  30   51            575
  30   52            529
  30   53            603
  30   54            552
  30   55            528
  30   56            498
  30   57            424
  30   58            428
  30   59            403
  31    0            434
  31    1            535
  31    2            620
  31    3            668
  31    4            714
  31    5            785
  31    6            771
  31    7            854
  31    8            860
  31    9            864
  31   10            808
  31   11            773
  31   12            735
  31   13            697
  31   14            659
  31   15            650
  31   16            677
  31   17            689
  31   18            763
  31   19            824
  31   20            835
  31   21            816
  31   22            871
  31   23            844
  31   24            783
  31   25            683
  31   26            694
  31   27            611
  31   28            511
  31   29            440
  31   30            399
  31   31            412
  31   32            399
  31   33            387
  31   34            346
  31   35            356
  31   36            389
  31   37            345
  31   38            362
  31   39            378
  31   40            333
  31   41            306
  31   42            300
  31   43            301
  31   44            285
  31   45            293
  31   46            291
  31   47            308
  31   48            355
  31   49            381
  31   50            379
  31   51            360
  31   52            384
  31   53            351
  31   54            354
  31   55            370
  31   56            364
  31   57            349
  31   58            412
  31   59            410
  32    0            619
  32    1            709
  32    2            842
  32    3            918
  32    4           1027
  32    5           1202
  32    6           1149
  32    7           1201
  32    8           1276
  32    9           1234
  32   10           1108
  32   11           1089
  32   12           1011
  32   13           1049
  32   14           1010
  32   15            952
  32   16           1052
  32   17           1064
  32   18           1142
  32   19           1274
  32   20           1200
  32   21           1200
  32   22           1250
  32   23           1136
  32   24           1034
  32   25            967
  32   26            887
  32   27            758
  32   28            601
  32   29            497
  32   30            405
  32   31            403
  32   32            336
  32   33            286
  32   34            310
  32   35            283
  32   36            270
  32   37            268
  32   38            269
  32   39            208
  32   40            213
  32   41            206
  32   42            197
  32   43            177
  32   44            178
  32   45            184
  32   46            170
  32   47            178
  32   48            213
  32   49            221
  32   50            248
  32   51            219
  32   52            258
  32   53            263
  32   54            302
  32   55            315
  32   56            351
  32   57            358
  32   58            458
  32   59            509
  33    0            873
  33    1           1152
  33    2           1326
  33    3           1337
  33    4           1619
  33    5           1679
  33    6           1759
  33    7           1743
  33    8           1747
  33    9           1699
  33   10           1601
  33   11           1445
  33   12           1432
  33   13           1378
  33   14           1454
  33   15           1387
  33   16           1535
  33   17           1637
  33   18           1652
  33   19           1770
  33   20           1776
  33   21           1694
  33   22           1679
  33   23           1662
  33   24           1462
  33   25           1302
  33   26           1155
  33   27            893
  33   28            721
  33   29            605
  33   30            435
  33   31            376
  33   32            274
  33   33            244
  33   34            222
  33   35            192
  33   36            169
  33   37            163
  33   38            151
  33   39            143
  33   40            117
  33   41            121
  33   42            118
  33   43            117
  33   44            122
  33   45            117
  33   46            120
  33   47            104
  33   48            130
  33   49            122
  33   50            172
  33   51            157
  33   52            201
  33   53            222
  33   54            250
  33   55            303
  33   56            386
  33   57            469
  33   58            578
  33   59            703
  34    0           1342
  34    1           1616
  34    2           1816
  34    3           2072
  34    4           2205
  34    5           2438
  34    6           2450
  34    7           2433
  34    8           2374
  34    9           2280
  34   10           2243
  34   11           2127
  34   12           1992
  34   13           1947
  34   14           1978
  34   15           2167
  34   16           2159
  34   17           2294
  34   18           2338
  34   19           2425
  34   20           2413
  34   21           2504
  34   22           2331
  34   23           2159
  34   24           1821
  34   25           1621
  34   26           1377
  34   27           1112
  34   28            856
  34   29            726
  34   30            539
  34   31            374
  34   32            258
  34   33            192
  34   34            159
  34   35            132
  34   36            110
  34   37            108
  34   38             91
  34   39             86
  34   40             68
  34   41             73
  34   42             68
  34   43             67
  34   44             83
  34   45             55
  34   46             88
  34   47             90
  34   48            104
  34   49             88
  34   50            115
  34   51            129
  34   52            152
  34   53            208
  34   54            278
  34   55            412
  34   56            512
  34   57            648
  34   58            821
  34   59           1059
  35    0           2093
  35    1           2371
  35    2           2719
  35    3           3007
  35    4           3244
  35    5           3351
  35    6           3389
  35    7           3264
  35    8           3245
  35    9           3104
  35   10           3013
  35   11           2807
  35   12           2828
  35   13           2843
  35   14           2856
  35   15           2936
  35   16           3070
  35   17           3134
  35   18           3226
  35   19           3440
  35   20           3329
  35   21           3196
  35   22           2942
  35   23           2675
  35   24           2465
  35   25           2079
  35   26           1617
  35   27           1188
  35   28            982
  35   29            759
  35   30            537
  35   31            392
  35   32            241
  35   33            172
  35   34            160
  35   35            107
  35   36             75
  35   37             60
  35   38             55
  35   39             49
  35   40             41
  35   41             45
  35   42             39
  35   43             39
  35   44             46
  35   45             50
  35   46             47
  35   47             68
  35   48             71
  35   49             95
  35   50             98
  35   51            128
  35   52            178
  35   53            277
  35   54            350
  35   55            569
  35   56            740
  35   57            955
  35   58           1293
  35   59           1635
  36    0           2887
  36    1           3311
  36    2           3891
  36    3           4011
  36    4           4341
  36    5           4468
  36    6           4369
  36    7           4399
  36    8           4184
  36    9           4019
  36   10           3800
  36   11           3710
  36   12           3720
  36   13           3755
  36   14           3818
  36   15           4031
  36   16           4145
  36   17           4509
  36   18           4534
  36   19           4297
  36   20           4336
  36   21           4189
  36   22           3837
  36   23           3313
  36   24           2904
  36   25           2422
  36   26           1934
  36   27           1469
  36   28           1126
  36   29            771
  36   30            586
  36   31            373
  36   32            255
  36   33            172
  36   34            111
  36   35             91
  36   36             68
  36   37             47
  36   38             43
  36   39             29
  36   40             29
  36   41             15
  36   42             29
  36   43             24
  36   44             24
  36   45             29
  36   46             31
  36   47             64
  36   48             63
  36   49             95
  36   50            145
  36   51            157
  36   52            275
  36   53            411
  36   54            544
  36   55            804
  36   56           1083
  36   57           1398
  36   58           1893
  36   59           2373
  37    0           3970
  37    1           4543
  37    2           5101
  37    3           5451
  37    4           5605
  37    5           5687
  37    6           5738
  37    7           5459
  37    8           5305
  37    9           5122
  37   10           4896
  37   11           4745
  37   12           4878
  37   13           4797
  37   14           5239
  37   15           5347
  37   16           5592
  37   17           5730
  37   18           5776
  37   19           5733
  37   20           5610
  37   21           5083
  37   22           4600
  37   23           3924
  37   24           3230
  37   25           2674
  37   26           2130
  37   27           1578
  37   28           1144
  37   29            815
  37   30            566
  37   31            387
  37   32            256
  37   33            153
  37   34            120
  37   35             73
  37   36             38
  37   37             42
  37   38             22
  37   39             24
  37   40             16
  37   41             13
  37   42             16
  37   43             18
  37   44             16
  37   45             21
  37   46             20
  37   47             44
  37   48             78
  37   49            101
  37   50            163
  37   51            260
  37   52            386
  37   53            553
  37   54            806
  37   55           1162
  37   56           1611
  37   57           2062
  37   58           2718
  37   59           3224
  38    0           5358
  38    1           6089
  38    2           6697
  38    3           7082
  38    4           7196
  38    5           7348
  38    6           7174
  38    7           6799
  38    8           6719
  38    9           6463
  38   10           6213
  38   11           5960
  38   12           6090
  38   13           6338
  38   14           6562
  38   15           6738
  38   16           7238
  38   17           7282
  38   18           7154
  38   19           7019
  38   20           6655
  38   21           6140
  38   22           5398
  38   23           4397
  38   24           3749
  38   25           3096
  38   26           2400
  38   27           1720
  38   28           1200
  38   29            817
  38   30            555
  38   31            354
  38   32            221
  38   33            142
  38   34             90
  38   35             56
  38   36             33
  38   37             22
  38   38             14
  38   39             15
  38   40              5
  38   41             10
  38   42              8
  38   43             12
  38   44             22
  38   45             26
  38   46             34
  38   47             58
  38   48             88
  38   49            137
  38   50            217
  38   51            402
  38   52            548
  38   53            877
  38   54           1295
  38   55           1763
  38   56           2276
  38   57           3036
  38   58           3792
  38   59           4563
  39    0           6897
  39    1           7787
  39    2           8503
  39    3           8908
  39    4           9126
  39    5           9027
  39    6           8619
  39    7           8256
  39    8           7906
  39    9           7386
  39   10           7377
  39   11           7346
  39   12           7417
  39   13           7919
  39   14           8288
  39   15           8646
  39   16           8898
  39   17           8959
  39   18           8865
  39   19           8650
  39   20           7898
  39   21           7038
  39   22           6050
  39   23           5106
  39   24           4179
  39   25           3305
  39   26           2397
  39   27           1865
  39   28           1225
  39   29            879
  39   30            533
  39   31            358
  39   32            238
  39   33            155
  39   34             86
  39   35             58
  39   36             25
  39   37             21
  39   38             12
  39   39             11
  39   40              6
  39   41              8
  39   42              4
  39   43             15
  39   44             12
  39   45             29
  39   46             42
  39   47             86
  39   48            119
  39   49            239
  39   50            381
  39   51            569
  39   52            849
  39   53           1205
  39   54           1664
  39   55           2414
  39   56           3135
  39   57           4150
  39   58           5075
  39   59           6107
  40    0           8937
  40    1           9758
  40    2          10320
  40    3          10552
  40    4          10597
  40    5          10553
  40    6          10236
  40    7           9523
  40    8           9238
  40    9           8832
  40   10           8843
  40   11           8947
  40   12           9128
  40   13           9581
  40   14          10093
  40   15          10525
  40   16          10905
  40   17          10370
  40   18          10280
  40   19           9877
  40   20           8879
  40   21           7939
  40   22           6730
  40   23           5368
  40   24           4475
  40   25           3398
  40   26           2566
  40   27           1727
  40   28           1219
  40   29            848
  40   30            549
  40   31            373
  40   32            216
  40   33            117
  40   34             66
  40   35             51
  40   36             27
  40   37             20
  40   38             12
  40   39              6
  40   40              6
  40   41              6
  40   42             10
  40   43             20
  40   44             27
  40   45             44
  40   46             86
  40   47            109
  40   48            209
  40   49            327
  40   50            532
  40   51            874
  40   52           1208
  40   53           1758
  40   54           2474
  40   55           3280
  40   56           4266
  40   57           5363
  40   58           6604
  40   59           7769
  41    0          10816
  41    1          11844
  41    2          12415
  41    3          12462
  41    4          12276
  41    5          11910
  41    6          11518
  41    7          10951
  41    8          10494
  41    9          10303
  41   10          10391
  41   11          10389
  41   12          10912
  41   13          11461
  41   14          11810
  41   15          12310
  41   16          12451
  41   17          12470
  41   18          11740
  41   19          10884
  41   20           9834
  41   21           8294
  41   22           7157
  41   23           5653
  41   24           4475
  41   25           3365
  41   26           2415
  41   27           1789
  41   28           1189
  41   29            774
  41   30            499
  41   31            313
  41   32            199
  41   33            132
  41   34             60
  41   35             42
  41   36             17
  41   37             21
  41   38             11
  41   39              2
  41   40              6
  41   41              8
  41   42             25
  41   43             23
  41   44             39
  41   45             58
  41   46            106
  41   47            215
  41   48            347
  41   49            505
  41   50            802
  41   51           1156
  41   52           1721
  41   53           2538
  41   54           3398
  41   55           4599
  41   56           5678
  41   57           7111
  41   58           8554
  41   59           9693
  42    0          13048
  42    1          13692
  42    2          14088
  42    3          14127
  42    4          13788
  42    5          13225
  42    6          12632
  42    7          12092
  42    8          11756
  42    9          11769
  42   10          11647
  42   11          11957
  42   12          12707
  42   13          13338
  42   14          13761
  42   15          13958
  42   16          14280
  42   17          13646
  42   18          12725
  42   19          11748
  42   20          10396
  42   21           8779
  42   22           7350
  42   23           5892
  42   24           4628
  42   25           3333
  42   26           2406
  42   27           1677
  42   28           1189
  42   29            730
  42   30            497
  42   31            334
  42   32            173
  42   33            120
  42   34             70
  42   35             50
  42   36             28
  42   37             14
  42   38              6
  42   39              8
  42   40              8
  42   41             16
  42   42             21
  42   43             35
  42   44             60
  42   45            114
  42   46            184
  42   47            330
  42   48            485
  42   49            810
  42   50           1193
  42   51           1665
  42   52           2480
  42   53           3365
  42   54           4404
  42   55           5866
  42   56           7146
  42   57           8765
  42   58          10356
  42   59          11667
  43    0          14851
  43    1          15303
  43    2          15620
  43    3          15498
  43    4          14738
  43    5          14312
  43    6          13728
  43    7          13211
  43    8          12488
  43    9          12843
  43   10          12994
  43   11          13727
  43   12          14279
  43   13          14780
  43   14          15466
  43   15          15473
  43   16          15557
  43   17          14820
  43   18          13495
  43   19          12447
  43   20          10789
  43   21           8941
  43   22           7312
  43   23           5728
  43   24           4327
  43   25           3190
  43   26           2300
  43   27           1593
  43   28           1067
  43   29            716
  43   30            504
  43   31            307
  43   32            199
  43   33            119
  43   34             65
  43   35             43
  43   36             18
  43   37             11
  43   38             13
  43   39             10
  43   40             17
  43   41             19
  43   42             40
  43   43             73
  43   44            110
  43   45            194
  43   46            305
  43   47            437
  43   48            678
  43   49           1110
  43   50           1565
  43   51           2427
  43   52           3142
  43   53           4351
  43   54           5854
  43   55           7248
  43   56           8969
  43   57          10736
  43   58          12485
  43   59          13882
  44    0          16444
  44    1          16767
  44    2          16564
  44    3          16331
  44    4          15841
  44    5          14835
  44    6          14235
  44    7          13597
  44    8          13438
  44    9          13786
  44   10          14156
  44   11          14987
  44   12          15570
  44   13          16299
  44   14          16941
  44   15          16796
  44   16          16292
  44   17          15439
  44   18          14234
  44   19          12559
  44   20          10823
  44   21           8942
  44   22           7260
  44   23           5570
  44   24           4056
  44   25           3100
  44   26           2136
  44   27           1520
  44   28           1044
  44   29            709
  44   30            445
  44   31            283
  44   32            200
  44   33            110
  44   34             69
  44   35             46
  44   36             28
  44   37             17
  44   38             21
  44   39             13
  44   40             18
  44   41             38
  44   42             82
  44   43            102
  44   44            165
  44   45            305
  44   46            441
  44   47            768
  44   48           1037
  44   49           1545
  44   50           2149
  44   51           3068
  44   52           4173
  44   53           5670
  44   54           7039
  44   55           8895
  44   56          10851
  44   57          12425
  44   58          14101
  44   59          15332
  45    0          17626
  45    1          17536
  45    2          17152
  45    3          16448
  45    4          15818
  45    5          14973
  45    6          14282
  45    7          13937
  45    8          14175
  45    9          14219
  45   10          14932
  45   11          15811
  45   12          16521
  45   13          17338
  45   14          17396
  45   15          17546
  45   16          16839
  45   17          15608
  45   18          14092
  45   19          12283
  45   20          10508
  45   21           8661
  45   22           6756
  45   23           5331
  45   24           4044
  45   25           2925
  45   26           2163
  45   27           1418
  45   28           1003
  45   29            639
  45   30            484
  45   31            265
  45   32            183
  45   33            108
  45   34             72
  45   35             48
  45   36             29
  45   37             25
  45   38             18
  45   39             28
  45   40             37
  45   41             76
  45   42            114
  45   43            198
  45   44            278
  45   45            444
  45   46            630
  45   47           1003
  45   48           1485
  45   49           2104
  45   50           2908
  45   51           4081
  45   52           5224
  45   53           6842
  45   54           8714
  45   55          10602
  45   56          12420
  45   57          14084
  45   58          15751
  45   59          16374
  46    0          17769
  46    1          17491
  46    2          16999
  46    3          16377
  46    4          15445
  46    5          14765
  46    6          14241
  46    7          13844
  46    8          14300
  46    9          14701
  46   10          15356
  46   11          16354
  46   12          16980
  46   13          17841
  46   14          17582
  46   15          17658
  46   16          16720
  46   17          15317
  46   18          13854
  46   19          11963
  46   20          10293
  46   21           8234
  46   22           6465
  46   23           5092
  46   24           3786
  46   25           2731
  46   26           2041
  46   27           1472
  46   28           1000
  46   29            631
  46   30            442
  46   31            268
  46   32            204
  46   33            116
  46   34             66
  46   35             49
  46   36             27
  46   37             33
  46   38             31
  46   39             42
  46   40             74
  46   41            120
  46   42            186
  46   43            257
  46   44            456
  46   45            681
  46   46            992
  46   47           1444
  46   48           2008
  46   49           2694
  46   50           3918
  46   51           5029
  46   52           6467
  46   53           8307
  46   54          10244
  46   55          11852
  46   56          13929
  46   57          15262
  46   58          16614
  46   59          17457
  47    0          17781
  47    1          16973
  47    2          16335
  47    3          15806
  47    4          14788
  47    5          14050
  47    6          13572
  47    7          13612
  47    8          13842
  47    9          14811
  47   10          15620
  47   11          16421
  47   12          17474
  47   13          17530
  47   14          17849
  47   15          17125
  47   16          16443
  47   17          14799
  47   18          13090
  47   19          11409
  47   20           9614
  47   21           7789
  47   22           6120
  47   23           4962
  47   24           3681
  47   25           2771
  47   26           2099
  47   27           1336
  47   28            908
  47   29            712
  47   30            457
  47   31            303
  47   32            202
  47   33            115
  47   34             97
  47   35             55
  47   36             55
  47   37             48
  47   38             51
  47   39             74
  47   40            124
  47   41            207
  47   42            315
  47   43            469
  47   44            697
  47   45            987
  47   46           1423
  47   47           2080
  47   48           2722
  47   49           3600
  47   50           4867
  47   51           6366
  47   52           7932
  47   53           9509
  47   54          11501
  47   55          13220
  47   56          15007
  47   57          16197
  47   58          17399
  47   59          17713
  48    0          16931
  48    1          16281
  48    2          15479
  48    3          14408
  48    4          13692
  48    5          13281
  48    6          12772
  48    7          13014
  48    8          13632
  48    9          14544
  48   10          15393
  48   11          16283
  48   12          17185
  48   13          17650
  48   14          17113
  48   15          16572
  48   16          15599
  48   17          14297
  48   18          12747
  48   19          10971
  48   20           9165
  48   21           7586
  48   22           6054
  48   23           4712
  48   24           3484
  48   25           2769
  48   26           1925
  48   27           1406
  48   28           1061
  48   29            683
  48   30            442
  48   31            329
  48   32            200
  48   33            144
  48   34             89
  48   35             69
  48   36             59
  48   37             50
  48   38             91
  48   39            125
  48   40            190
  48   41            309
  48   42            501
  48   43            747
  48   44            980
  48   45           1448
  48   46           1980
  48   47           2771
  48   48           3591
  48   49           4674
  48   50           5956
  48   51           7703
  48   52           9185
  48   53          10911
  48   54          12668
  48   55          14336
  48   56          15500
  48   57          16677
  48   58          17071
  48   59          17175
  49    0          15727
  49    1          14771
  49    2          13975
  49    3          12838
  49    4          12304
  49    5          11847
  49    6          11850
  49    7          12236
  49    8          12770
  49    9          13811
  49   10          14784
  49   11          15549
  49   12          16352
  49   13          16680
  49   14          16207
  49   15          15851
  49   16          14882
  49   17          13426
  49   18          12020
  49   19          10601
  49   20           8905
  49   21           7439
  49   22           5903
  49   23           4812
  49   24           3708
  49   25           2822
  49   26           2031
  49   27           1595
  49   28           1113
  49   29            740
  49   30            543
  49   31            331
  49   32            227
  49   33            146
  49   34             92
  49   35             78
  49   36             77
  49   37            106
  49   38            148
  49   39            230
  49   40            334
  49   41            534
  49   42            726
  49   43           1101
  49   44           1556
  49   45           2057
  49   46           2779
  49   47           3783
  49   48           4699
  49   49           6081
  49   50           7255
  49   51           8939
  49   52          10503
  49   53          12148
  49   54          13382
  49   55          14581
  49   56          16016
  49   57          16430
  49   58          16486
  49   59          16302
  50    0          13958
  50    1          13333
  50    2          12048
  50    3          11205
  50    4          10740
  50    5          10388
  50    6          10579
  50    7          11390
  50    8          11968
  50    9          13015
  50   10          13918
  50   11          14902
  50   12          15398
  50   13          15528
  50   14          15497
  50   15          15079
  50   16          14102
  50   17          13000
  50   18          11662
  50   19          10107
  50   20           8893
  50   21           7444
  50   22           6108
  50   23           4864
  50   24           3789
  50   25           2955
  50   26           2222
  50   27           1621
  50   28           1115
  50   29            767
  50   30            533
  50   31            369
  50   32            249
  50   33            166
  50   34            121
  50   35            112
  50   36            120
  50   37            161
  50   38            215
  50   39            367
  50   40            522
  50   41            833
  50   42           1176
  50   43           1613
  50   44           2165
  50   45           2885
  50   46           3754
  50   47           4945
  50   48           6025
  50   49           7425
  50   50           8815
  50   51          10326
  50   52          11648
  50   53          13119
  50   54          14249
  50   55          14954
  50   56          15619
  50   57          15498
  50   58          15373
  50   59          14692
  51    0          12140
  51    1          10969
  51    2          10209
  51    3           9520
  51    4           9137
  51    5           9297
  51    6           9555
  51    7          10131
  51    8          11065
  51    9          12011
  51   10          12831
  51   11          13746
  51   12          14412
  51   13          14454
  51   14          14717
  51   15          14527
  51   16          13468
  51   17          12785
  51   18          11616
  51   19          10499
  51   20           8991
  51   21           7513
  51   22           6330
  51   23           5174
  51   24           4083
  51   25           3083
  51   26           2403
  51   27           1646
  51   28           1166
  51   29            826
  51   30            533
  51   31            357
  51   32            243
  51   33            181
  51   34            120
  51   35            158
  51   36            165
  51   37            243
  51   38            364
  51   39            573
  51   40            833
  51   41           1176
  51   42           1675
  51   43           2289
  51   44           3053
  51   45           3918
  51   46           5109
  51   47           6290
  51   48           7443
  51   49           8846
  51   50          10441
  51   51          11629
  51   52          12732
  51   53          13793
  51   54          14511
  51   55          14794
  51   56          14963
  51   57          14341
  51   58          13849
  51   59          12829
  52    0          10060
  52    1           9073
  52    2           8331
  52    3           8045
  52    4           7825
  52    5           8064
  52    6           8216
  52    7           9120
  52    8           9940
  52    9          11093
  52   10          12026
  52   11          13020
  52   12          13543
  52   13          14012
  52   14          14265
  52   15          13766
  52   16          13583
  52   17          12771
  52   18          11791
  52   19          10625
  52   20           9072
  52   21           7992
  52   22           6499
  52   23           5214
  52   24           4095
  52   25           3114
  52   26           2349
  52   27           1753
  52   28           1261
  52   29            828
  52   30            565
  52   31            388
  52   32            283
  52   33            185
  52   34            175
  52   35            180
  52   36            245
  52   37            376
  52   38            587
  52   39            906
  52   40           1305
  52   41           1750
  52   42           2461
  52   43           3259
  52   44           4124
  52   45           5342
  52   46           6569
  52   47           7962
  52   48           9086
  52   49          10493
  52   50          11893
  52   51          12682
  52   52          13495
  52   53          13960
  52   54          14149
  52   55          13960
  52   56          13706
  52   57          12972
  52   58          11950
  52   59          10867
  53    0           8056
  53    1           7321
  53    2           6688
  53    3           6526
  53    4           6417
  53    5           6743
  53    6           7454
  53    7           8003
  53    8           9148
  53    9          10277
  53   10          11247
  53   11          12409
  53   12          12964
  53   13          13634
  53   14          14135
  53   15          13974
  53   16          13619
  53   17          13076
  53   18          12032
  53   19          11043
  53   20           9717
  53   21           8372
  53   22           6933
  53   23           5571
  53   24           4319
  53   25           3369
  53   26           2449
  53   27           1745
  53   28           1277
  53   29            905
  53   30            589
  53   31            348
  53   32            248
  53   33            204
  53   34            210
  53   35            259
  53   36            347
  53   37            587
  53   38            893
  53   39           1292
  53   40           1735
  53   41           2459
  53   42           3385
  53   43           4453
  53   44           5655
  53   45           6949
  53   46           8083
  53   47           9722
  53   48          10909
  53   49          12069
  53   50          13116
  53   51          13693
  53   52          14218
  53   53          14017
  53   54          13782
  53   55          12938
  53   56          12372
  53   57          11379
  53   58          10137
  53   59           9124
  54    0           6389
  54    1           5660
  54    2           5316
  54    3           5224
  54    4           5287
  54    5           5769
  54    6           6416
  54    7           7385
  54    8           8384
  54    9           9622
  54   10          10706
  54   11          11993
  54   12          12908
  54   13          13891
  54   14          14190
  54   15          14460
  54   16          14090
  54   17          13528
  54   18          12638
  54   19          11455
  54   20          10004
  54   21           8618
  54   22           7176
  54   23           5621
  54   24           4519
  54   25           3411
  54   26           2418
  54   27           1811
  54   28           1247
  54   29            780
  54   30            548
  54   31            407
  54   32            256
  54   33            218
  54   34            269
  54   35            392
  54   36            527
  54   37            805
  54   38           1189
  54   39           1801
  54   40           2443
  54   41           3286
  54   42           4446
  54   43           5798
  54   44           7261
  54   45           8659
  54   46          10215
  54   47          11574
  54   48          12551
  54   49          13647
  54   50          14146
  54   51          14405
  54   52          14376
  54   53          13797
  54   54          13007
  54   55          11836
  54   56          10714
  54   57           9557
  54   58           8291
  54   59           7291
  55    0           4838
  55    1           4397
  55    2           4153
  55    3           4219
  55    4           4378
  55    5           5052
  55    6           5564
  55    7           6845
  55    8           7871
  55    9           9126
  55   10          10513
  55   11          11744
  55   12          13058
  55   13          13944
  55   14          14843
  55   15          14977
  55   16          15010
  55   17          14040
  55   18          13473
  55   19          12066
  55   20          10468
  55   21           8839
  55   22           7345
  55   23           5798
  55   24           4518
  55   25           3292
  55   26           2436
  55   27           1676
  55   28           1162
  55   29            803
  55   30            532
  55   31            358
  55   32            280
  55   33            287
  55   34            373
  55   35            549
  55   36            843
  55   37           1223
  55   38           1664
  55   39           2369
  55   40           3466
  55   41           4420
  55   42           5829
  55   43           7329
  55   44           8729
  55   45          10668
  55   46          11924
  55   47          13270
  55   48          14248
  55   49          14773
  55   50          15060
  55   51          14680
  55   52          13950
  55   53          12928
  55   54          11880
  55   55          10281
  55   56           9000
  55   57           7707
  55   58           6747
  55   59           5653
  56    0           3698
  56    1           3359
  56    2           3186
  56    3           3370
  56    4           3636
  56    5           4425
  56    6           5181
  56    7           6410
  56    8           7732
  56    9           9126
  56   10          10691
  56   11          11872
  56   12          13695
  56   13          14755
  56   14          15580
  56   15          15966
  56   16          15487
  56   17          15059
  56   18          13789
  56   19          12351
  56   20          10671
  56   21           8922
  56   22           7308
  56   23           5707
  56   24           4416
  56   25           3239
  56   26           2256
  56   27           1630
  56   28           1072
  56   29            760
  56   30            506
  56   31            379
  56   32            372
  56   33            389
  56   34            501
  56   35            724
  56   36           1116
  56   37           1558
  56   38           2329
  56   39           3221
  56   40           4351
  56   41           5827
  56   42           7336
  56   43           9068
  56   44          10606
  56   45          12214
  56   46          13696
  56   47          14784
  56   48          15668
  56   49          15805
  56   50          15673
  56   51          14808
  56   52          13568
  56   53          12402
  56   54          10681
  56   55           9345
  56   56           7738
  56   57           6355
  56   58           5156
  56   59           4323
  57    0           2863
  57    1           2625
  57    2           2631
  57    3           2932
  57    4           3311
  57    5           4194
  57    6           5184
  57    7           6291
  57    8           7869
  57    9           9511
  57   10          11278
  57   11          13160
  57   12          14267
  57   13          15677
  57   14          16166
  57   15          16863
  57   16          16302
  57   17          15405
  57   18          14050
  57   19          12478
  57   20          10773
  57   21           8809
  57   22           7065
  57   23           5430
  57   24           4060
  57   25           2987
  57   26           2094
  57   27           1384
  57   28            971
  57   29            677
  57   30            460
  57   31            351
  57   32            350
  57   33            467
  57   34            664
  57   35            955
  57   36           1462
  57   37           2180
  57   38           3057
  57   39           4170
  57   40           5568
  57   41           7093
  57   42           8875
  57   43          10676
  57   44          12632
  57   45          14105
  57   46          15582
  57   47          16436
  57   48          16736
  57   49          16395
  57   50          16059
  57   51          14481
  57   52          12889
  57   53          11217
  57   54           9498
  57   55           7832
  57   56           6315
  57   57           5014
  57   58           4076
  57   59           3317
  58    0           2278
  58    1           2172
  58    2           2238
  58    3           2642
  58    4           3270
  58    5           4165
  58    6           5256
  58    7           6752
  58    8           8286
  58    9          10209
  58   10          11891
  58   11          13813
  58   12          15321
  58   13          16627
  58   14          17002
  58   15          17277
  58   16          16884
  58   17          15790
  58   18          14245
  58   19          12523
  58   20          10426
  58   21           8430
  58   22           6698
  58   23           5179
  58   24           3779
  58   25           2625
  58   26           1882
  58   27           1231
  58   28            828
  58   29            586
  58   30            445
  58   31            396
  58   32            475
  58   33            581
  58   34            861
  58   35           1282
  58   36           1851
  58   37           2623
  58   38           3798
  58   39           5186
  58   40           6646
  58   41           8493
  58   42          10468
  58   43          12254
  58   44          14210
  58   45          15589
  58   46          16794
  58   47          16986
  58   48          17307
  58   49          16590
  58   50          15371
  58   51          13762
  58   52          12027
  58   53          10152
  58   54           8219
  58   55           6797
  58   56           5303
  58   57           4200
  58   58           3242
  58   59           2579
  59    0           1960
  59    1           1974
  59    2           2157
  59    3           2587
  59    4           3435
  59    5           4314
  59    6           5730
  59    7           7399
  59    8           8937
  59    9          11031
  59   10          13073
  59   11          14704
  59   12          16184
  59   13          17382
  59   14          17609
  59   15          17516
  59   16          16991
  59   17          15549
  59   18          13736
  59   19          11554
  59   20           9823
  59   21           7807
  59   22           6210
  59   23           4578
  59   24           3315
  59   25           2376
  59   26           1584
  59   27           1053
  59   28            778
  59   29            489
  59   30            411
  59   31            383
  59   32            492
  59   33            746
  59   34           1079
  59   35           1663
  59   36           2388
  59   37           3373
  59   38           4491
  59   39           5977
  59   40           7885
  59   41           9905
  59   42          11693
  59   43          13739
  59   44          15496
  59   45          16761
  59   46          17889
  59   47          17807
  59   48          17412
  59   49          16290
  59   50          14623
  59   51          12996
  59   52          11043
  59   53           9135
  59   54           7390
  59   55           5586
  59   56           4380
  59   57           3367
  59   58           2649
  59   59           2176
