# X  Y  P
# X=2*n1+n2, Y=sqrt(3)*n2, P=P[n2,n1]
0 0 1.7819968444334282e-03
2 0 1.7612630654486212e-03
4 0 1.7027168825038963e-03
6 0 1.6166453486646062e-03
8 0 1.5180802172252543e-03
10 0 1.4241000814888690e-03
12 0 1.3508536734907737e-03
14 0 1.3108346420775462e-03
16 0 1.3108346420775451e-03
18 0 1.3508536734907792e-03
20 0 1.4241000814888751e-03
22 0 1.5180802172252603e-03
24 0 1.6166453486646068e-03
26 0 1.7027168825038922e-03
28 0 1.7612630654486167e-03
30 0 1.7819968444334276e-03
32 0 1.7612630654486199e-03
34 0 1.7027168825038963e-03
36 0 1.6166453486646053e-03
38 0 1.5180802172252582e-03
40 0 1.4241000814888727e-03
42 0 1.3508536734907785e-03
44 0 1.3108346420775425e-03
46 0 1.3108346420775460e-03
48 0 1.3508536734907811e-03
50 0 1.4241000814888727e-03
52 0 1.5180802172252597e-03
54 0 1.6166453486646073e-03
56 0 1.7027168825038948e-03
58 0 1.7612630654486199e-03

1 1.73205080757 1.7612630654486206e-03
3 1.73205080757 1.7290344123983125e-03
5 1.73205080757 1.6634919501402252e-03
7 1.73205080757 1.5770544785003232e-03
9 1.73205080757 1.4855793103101752e-03
11 1.73205080757 1.4055191614444136e-03
13 1.73205080757 1.3510716290031238e-03
15 1.73205080757 1.3317997435725716e-03
17 1.73205080757 1.3510716290031310e-03
19 1.73205080757 1.4055191614444178e-03
21 1.73205080757 1.4855793103101787e-03
23 1.73205080757 1.5770544785003256e-03
25 1.73205080757 1.6634919501402213e-03
27 1.73205080757 1.7290344123983110e-03
29 1.73205080757 1.7612630654486189e-03
31 1.73205080757 1.7534967353548788e-03
33 1.73205080757 1.7060738065560058e-03
35 1.73205080757 1.6263379733738057e-03
37 1.73205080757 1.5273280840353853e-03
39 1.73205080757 1.4254518890571646e-03
41 1.73205080757 1.3376182213985922e-03
43 1.73205080757 1.2783658084374104e-03
45 1.73205080757 1.2574685269209007e-03
47 1.73205080757 1.2783658084374130e-03
49 1.73205080757 1.3376182213985942e-03
51 1.73205080757 1.4254518890571646e-03
53 1.73205080757 1.5273280840353855e-03
55 1.73205080757 1.6263379733738059e-03
57 1.73205080757 1.7060738065560069e-03
59 1.73205080757 1.7534967353548794e-03

2 3.46410161514 1.7027168825038974e-03
4 3.46410161514 1.6634919501402267e-03
6 3.46410161514 1.5973074835010487e-03
8 3.46410161514 1.5175416064827497e-03
10 3.46410161514 1.4395577605904671e-03
12 3.46410161514 1.3779595893317308e-03
14 3.46410161514 1.3440767938565060e-03
16 3.46410161514 1.3440767938565077e-03
18 3.46410161514 1.3779595893317366e-03
20 3.46410161514 1.4395577605904742e-03
22 3.46410161514 1.5175416064827571e-03
24 3.46410161514 1.5973074835010518e-03
26 3.46410161514 1.6634919501402224e-03
28 3.46410161514 1.7027168825038943e-03
30 3.46410161514 1.7060738065560069e-03
32 3.46410161514 1.6708532066940787e-03
34 3.46410161514 1.6011481116510046e-03
36 3.46410161514 1.5071939880193443e-03
38 3.46410161514 1.4035833977140083e-03
40 3.46410161514 1.3067278181068025e-03
42 3.46410161514 1.2320639895626593e-03
44 3.46410161514 1.1915001862018424e-03
46 3.46410161514 1.1915001862018457e-03
48 3.46410161514 1.2320639895626623e-03
50 3.46410161514 1.3067278181068029e-03
52 3.46410161514 1.4035833977140107e-03
54 3.46410161514 1.5071939880193449e-03
56 3.46410161514 1.6011481116510044e-03
58 3.46410161514 1.6708532066940795e-03
60 3.46410161514 1.7060738065560073e-03

3 5.19615242271 1.6166453486646058e-03
5 5.19615242271 1.5770544785003264e-03
7 5.19615242271 1.5175416064827554e-03
9 5.19615242271 1.4511198649594685e-03
11 5.19615242271 1.3914169060602864e-03
13 5.19615242271 1.3502469762609658e-03
15 5.19615242271 1.3355863252598242e-03
17 5.19615242271 1.3502469762609651e-03
19 5.19615242271 1.3914169060602847e-03
21 5.19615242271 1.4511198649594670e-03
23 5.19615242271 1.5175416064827530e-03
25 5.19615242271 1.5770544785003232e-03
27 5.19615242271 1.6166453486646073e-03
29 5.19615242271 1.6263379733738054e-03
31 5.19615242271 1.6011481116510054e-03
33 5.19615242271 1.5421618509202542e-03
35 5.19615242271 1.4564941943648649e-03
37 5.19615242271 1.3561270171699366e-03
39 5.19615242271 1.2558690180608822e-03
41 5.19615242271 1.1708502620255779e-03
43 5.19615242271 1.1140191860113146e-03
45 5.19615242271 1.0940582214305950e-03
47 5.19615242271 1.1140191860113126e-03
49 5.19615242271 1.1708502620255755e-03
51 5.19615242271 1.2558690180608856e-03
53 5.19615242271 1.3561270171699386e-03
55 5.19615242271 1.4564941943648660e-03
57 5.19615242271 1.5421618509202555e-03
59 5.19615242271 1.6011481116510024e-03
61 5.19615242271 1.6263379733738050e-03

4 6.92820323028 1.5180802172252603e-03
6 6.92820323028 1.4855793103101800e-03
8 6.92820323028 1.4395577605904716e-03
10 6.92820323028 1.3914169060602847e-03
12 6.92820323028 1.3520926050843982e-03
14 6.92820323028 1.3301063821680170e-03
16 6.92820323028 1.3301063821680168e-03
18 6.92820323028 1.3520926050843974e-03
20 6.92820323028 1.3914169060602857e-03
22 6.92820323028 1.4395577605904725e-03
24 6.92820323028 1.4855793103101807e-03
26 6.92820323028 1.5180802172252580e-03
28 6.92820323028 1.5273280840353864e-03
30 6.92820323028 1.5071939880193471e-03
32 6.92820323028 1.4564941943648706e-03
34 6.92820323028 1.3794403277036431e-03
36 6.92820323028 1.2850836402552997e-03
38 6.92820323028 1.1858612841947420e-03
40 6.92820323028 1.0955422063995523e-03
42 6.92820323028 1.0269721864104605e-03
44 6.92820323028 9.9001609741713992e-04
46 6.92820323028 9.9001609741713797e-04
48 6.92820323028 1.0269721864104579e-03
50 6.92820323028 1.0955422063995523e-03
52 6.92820323028 1.1858612841947459e-03
54 6.92820323028 1.2850836402553030e-03
56 6.92820323028 1.3794403277036429e-03
58 6.92820323028 1.4564941943648675e-03
60 6.92820323028 1.5071939880193434e-03
62 6.92820323028 1.5273280840353836e-03

5 8.66025403784 1.4241000814888731e-03
7 8.66025403784 1.4055191614444156e-03
9 8.66025403784 1.3779595893317353e-03
11 8.66025403784 1.3502469762609645e-03
13 8.66025403784 1.3301063821680149e-03
15 8.66025403784 1.3227762035180439e-03
17 8.66025403784 1.3301063821680153e-03
19 8.66025403784 1.3502469762609638e-03
21 8.66025403784 1.3779595893317342e-03
23 8.66025403784 1.4055191614444160e-03
25 8.66025403784 1.4241000814888688e-03
27 8.66025403784 1.4254518890571620e-03
29 8.66025403784 1.4035833977140062e-03
31 8.66025403784 1.3561270171699399e-03
33 8.66025403784 1.2850836402552991e-03
35 8.66025403784 1.1967637126752628e-03
37 8.66025403784 1.1009156013058105e-03
39 8.66025403784 1.0092132070683546e-03
41 8.66025403784 9.3340332901044440e-04
43 8.66025403784 8.8345671597274660e-04
45 8.66025403784 8.6602952026732199e-04
47 8.66025403784 8.8345671597274379e-04
49 8.66025403784 9.3340332901044288e-04
51 8.66025403784 1.0092132070683556e-03
53 8.66025403784 1.1009156013058112e-03
55 8.66025403784 1.1967637126752656e-03
57 8.66025403784 1.2850836402553019e-03
59 8.66025403784 1.3561270171699377e-03
61 8.66025403784 1.4035833977140062e-03
63 8.66025403784 1.4254518890571602e-03

6 10.3923048454 1.3508536734907781e-03
8 10.3923048454 1.3510716290031266e-03
10 10.3923048454 1.3440767938565031e-03
12 10.3923048454 1.3355863252598205e-03
14 10.3923048454 1.3301063821680142e-03
16 10.3923048454 1.3301063821680138e-03
18 10.3923048454 1.3355863252598205e-03
20 10.3923048454 1.3440767938565040e-03
22 10.3923048454 1.3510716290031303e-03
24 10.3923048454 1.3508536734907792e-03
26 10.3923048454 1.3376182213985911e-03
28 10.3923048454 1.3067278181067988e-03
30 10.3923048454 1.2558690180608867e-03
32 10.3923048454 1.1858612841947401e-03
34 10.3923048454 1.1009156013058181e-03
36 10.3923048454 1.0082533763543129e-03
38 10.3923048454 9.1714210130753617e-04
40 10.3923048454 8.3753443964645023e-04
42 10.3923048454 7.7857127640042288e-04
44 10.3923048454 7.4721306814484289e-04
46 10.3923048454 7.4721306814484138e-04
48 10.3923048454 7.7857127640042103e-04
50 10.3923048454 8.3753443964644796e-04
52 10.3923048454 9.1714210130753758e-04
54 10.3923048454 1.0082533763543149e-03
56 10.3923048454 1.1009156013058116e-03
58 10.3923048454 1.1858612841947440e-03
60 10.3923048454 1.2558690180608828e-03
62 10.3923048454 1.3067278181067982e-03
64 10.3923048454 1.3376182213985922e-03

7 12.124355653 1.3108346420775429e-03
9 12.124355653 1.3317997435725688e-03
11 12.124355653 1.3440767938565036e-03
13 12.124355653 1.3502469762609625e-03
15 12.124355653 1.3520926050843969e-03
17 12.124355653 1.3502469762609638e-03
19 12.124355653 1.3440767938565049e-03
21 12.124355653 1.3317997435725694e-03
23 12.124355653 1.3108346420775451e-03
25 12.124355653 1.2783658084374091e-03
27 12.124355653 1.2320639895626575e-03
29 12.124355653 1.1708502620255794e-03
31 12.124355653 1.0955422063995499e-03
33 12.124355653 1.0092132070683621e-03
35 12.124355653 9.1714210130753823e-04
37 12.124355653 8.2632257868280967e-04
39 12.124355653 7.4460850049605195e-04
41 12.124355653 6.7965502759444088e-04
43 12.124355653 6.3785104495882035e-04
45 12.124355653 6.2342395511748815e-04
47 12.124355653 6.3785104495881915e-04
49 12.124355653 6.7965502759443936e-04
51 12.124355653 7.4460850049605292e-04
53 12.124355653 8.2632257868280935e-04
55 12.124355653 9.1714210130754007e-04
57 12.124355653 1.0092132070683561e-03
59 12.124355653 1.0955422063995488e-03
61 12.124355653 1.1708502620255744e-03
63 12.124355653 1.2320639895626558e-03
65 12.124355653 1.2783658084374095e-03

8 13.8564064606 1.3108346420775429e-03
10 13.8564064606 1.3510716290031286e-03
12 13.8564064606 1.3779595893317345e-03
14 13.8564064606 1.3914169060602849e-03
16 13.8564064606 1.3914169060602838e-03
18 13.8564064606 1.3779595893317355e-03
20 13.8564064606 1.3510716290031301e-03
22 13.8564064606 1.3108346420775440e-03
24 13.8564064606 1.2574685269208998e-03
26 13.8564064606 1.1915001862018394e-03
28 13.8564064606 1.1140191860113157e-03
30 13.8564064606 1.0269721864104582e-03
32 13.8564064606 9.3340332901045286e-04
34 13.8564064606 8.3753443964644850e-04
36 13.8564064606 7.4460850049605347e-04
38 13.8564064606 6.6048270076780175e-04
40 13.8564064606 5.9102808664141416e-04
42 13.8564064606 5.4144430826648144e-04
44 13.8564064606 5.1561511743103135e-04
46 13.8564064606 5.1561511743103059e-04
48 13.8564064606 5.4144430826647872e-04
50 13.8564064606 5.9102808664141394e-04
52 13.8564064606 6.6048270076780218e-04
54 13.8564064606 7.4460850049605249e-04
56 13.8564064606 8.3753443964645175e-04
58 13.8564064606 9.3340332901044537e-04
60 13.8564064606 1.0269721864104566e-03
62 13.8564064606 1.1140191860113111e-03
64 13.8564064606 1.1915001862018426e-03
66 13.8564064606 1.2574685269208991e-03

9 15.5884572681 1.3508536734907774e-03
11 15.5884572681 1.4055191614444143e-03
13 15.5884572681 1.4395577605904701e-03
15 15.5884572681 1.4511198649594674e-03
17 15.5884572681 1.4395577605904723e-03
19 15.5884572681 1.4055191614444184e-03
21 15.5884572681 1.3508536734907811e-03
23 15.5884572681 1.2783658084374160e-03
25 15.5884572681 1.1915001862018390e-03
27 15.5884572681 1.0940582214306017e-03
29 15.5884572681 9.9001609741713862e-04
31 15.5884572681 8.8345671597275387e-04
33 15.5884572681 7.7857127640042244e-04
35 15.5884572681 6.7965502759443817e-04
37 15.5884572681 5.9102808664141296e-04
39 15.5884572681 5.1684900246507480e-04
41 15.5884572681 4.6083619076094703e-04
43 15.5884572681 4.2594962588481464e-04
45 15.5884572681 4.1410044841242859e-04
47 15.5884572681 4.2594962588481339e-04
49 15.5884572681 4.6083619076094578e-04
51 15.5884572681 5.1684900246507556e-04
53 15.5884572681 5.9102808664141437e-04
55 15.5884572681 6.7965502759444174e-04
57 15.5884572681 7.7857127640042418e-04
59 15.5884572681 8.8345671597274487e-04
61 15.5884572681 9.9001609741713710e-04
63 15.5884572681 1.0940582214305937e-03
65 15.5884572681 1.1915001862018424e-03
67 15.5884572681 1.2783658084374108e-03

10 17.3205080757 1.4241000814888714e-03
12 17.3205080757 1.4855793103101776e-03
14 17.3205080757 1.5175416064827502e-03
16 17.3205080757 1.5175416064827515e-03
18 17.3205080757 1.4855793103101750e-03
20 17.3205080757 1.4241000814888731e-03
22 17.3205080757 1.3376182213985922e-03
24 17.3205080757 1.2320639895626593e-03
26 17.3205080757 1.1140191860113107e-03
28 17.3205080757 9.9001609741713949e-04
30 17.3205080757 8.6602952026732232e-04
32 17.3205080757 7.4721306814484224e-04
34 17.3205080757 6.3785104495881970e-04
36 17.3205080757 5.4144430826647547e-04
38 17.3205080757 4.6083619076094269e-04
40 17.3205080757 3.9830765940017360e-04
42 17.3205080757 3.5561160561143533e-04
44 17.3205080757 3.3395431197269466e-04
46 17.3205080757 3.3395431197269287e-04
48 17.3205080757 3.5561160561143468e-04
50 17.3205080757 3.9830765940017691e-04
52 17.3205080757 4.6083619076093971e-04
54 17.3205080757 5.4144430826647439e-04
56 17.3205080757 6.3785104495881493e-04
58 17.3205080757 7.4721306814483682e-04
60 17.3205080757 8.6602952026731625e-04
62 17.3205080757 9.9001609741712865e-04
64 17.3205080757 1.1140191860113157e-03
66 17.3205080757 1.2320639895626591e-03
68 17.3205080757 1.3376182213985918e-03

11 19.0525588833 1.5180802172252560e-03
13 19.0525588833 1.5770544785003240e-03
15 19.0525588833 1.5973074835010474e-03
17 19.0525588833 1.5770544785003243e-03
19 19.0525588833 1.5180802172252582e-03
21 19.0525588833 1.4254518890571648e-03
23 19.0525588833 1.3067278181068066e-03
25 19.0525588833 1.1708502620255707e-03
27 19.0525588833 1.0269721864104584e-03
29 19.0525588833 8.8345671597274563e-04
31 19.0525588833 7.4721306814484376e-04
33 19.0525588833 6.2342395511748977e-04
35 19.0525588833 5.1561511743102484e-04
37 19.0525588833 4.2594962588480786e-04
39 19.0525588833 3.5561160561143723e-04
41 19.0525588833 3.0516925436905028e-04
43 19.0525588833 2.7485465425990829e-04
45 19.0525588833 2.6474445602620494e-04
47 19.0525588833 2.7485465425990829e-04
49 19.0525588833 3.0516925436905131e-04
51 19.0525588833 3.5561160561143663e-04
53 19.0525588833 4.2594962588480650e-04
55 19.0525588833 5.1561511743102636e-04
57 19.0525588833 6.2342395511748284e-04
59 19.0525588833 7.4721306814483650e-04
61 19.0525588833 8.8345671597273663e-04
63 19.0525588833 1.0269721864104491e-03
65 19.0525588833 1.1708502620255759e-03
67 19.0525588833 1.3067278181068014e-03
69 19.0525588833 1.4254518890571618e-03

12 20.7846096908 1.6166453486646034e-03
14 20.7846096908 1.6634919501402248e-03
16 20.7846096908 1.6634919501402248e-03
18 20.7846096908 1.6166453486646053e-03
20 20.7846096908 1.5273280840353838e-03
22 20.7846096908 1.4035833977140125e-03
24 20.7846096908 1.2558690180608891e-03
26 20.7846096908 1.0955422063995504e-03
28 20.7846096908 9.3340332901044418e-04
30 20.7846096908 7.7857127640042440e-04
32 20.7846096908 6.3785104495882252e-04
34 20.7846096908 5.1561511743103167e-04
36 20.7846096908 4.1410044841242241e-04
38 20.7846096908 3.3395431197269813e-04
40 20.7846096908 2.7485465425991246e-04
42 20.7846096908 2.3607058469127880e-04
44 20.7846096908 2.1688925653715673e-04
46 20.7846096908 2.1688925653715681e-04
48 20.7846096908 2.3607058469127907e-04
50 20.7846096908 2.7485465425990959e-04
52 20.7846096908 3.3395431197269591e-04
54 20.7846096908 4.1410044841242111e-04
56 20.7846096908 5.1561511743102549e-04
58 20.7846096908 6.3785104495881384e-04
60 20.7846096908 7.7857127640041388e-04
62 20.7846096908 9.3340332901043377e-04
64 20.7846096908 1.0955422063995527e-03
66 20.7846096908 1.2558690180608835e-03
68 20.7846096908 1.4035833977140060e-03
70 20.7846096908 1.5273280840353831e-03

13 22.5166604984 1.7027168825038941e-03
15 22.5166604984 1.7290344123983105e-03
17 22.5166604984 1.7027168825038950e-03
19 22.5166604984 1.6263379733738074e-03
21 22.5166604984 1.5071939880193460e-03
23 22.5166604984 1.3561270171699408e-03
25 22.5166604984 1.1858612841947403e-03
27 22.5166604984 1.0092132070683541e-03
29 22.5166604984 8.3753443964644980e-04
31 22.5166604984 6.7965502759444207e-04
33 22.5166604984 5.4144430826648035e-04
35 22.5166604984 4.2594962588480602e-04
37 22.5166604984 3.3395431197269699e-04
39 22.5166604984 2.6474445602620706e-04
41 22.5166604984 2.1688925653715987e-04
43 22.5166604984 1.8889940336696463e-04
45 22.5166604984 1.7969889108581316e-04
47 22.5166604984 1.8889940336696428e-04
49 22.5166604984 2.1688925653715705e-04
51 22.5166604984 2.6474445602620787e-04
53 22.5166604984 3.3395431197269482e-04
55 22.5166604984 4.2594962588480824e-04
57 22.5166604984 5.4144430826647385e-04
59 22.5166604984 6.7965502759443177e-04
61 22.5166604984 8.3753443964644102e-04
63 22.5166604984 1.0092132070683439e-03
65 22.5166604984 1.1858612841947468e-03
67 22.5166604984 1.3561270171699366e-03
69 22.5166604984 1.5071939880193415e-03
71 22.5166604984 1.6263379733738035e-03

14 24.248711306 1.7612630654486217e-03
16 24.248711306 1.7612630654486210e-03
18 24.248711306 1.7060738065560093e-03
20 24.248711306 1.6011481116510070e-03
22 24.248711306 1.4564941943648725e-03
24 24.248711306 1.2850836402553149e-03
26 24.248711306 1.1009156013058112e-03
28 24.248711306 9.1714210130753855e-04
30 24.248711306 7.4460850049605412e-04
32 24.248711306 5.9102808664141622e-04
34 24.248711306 4.6083619076094887e-04
36 24.248711306 3.5561160561143571e-04
38 24.248711306 2.7485465425990867e-04
40 24.248711306 2.1688925653716535e-04
42 24.248711306 1.7969889108581261e-04
44 24.248711306 1.6158162573196128e-04
46 24.248711306 1.6158162573196112e-04
48 24.248711306 1.7969889108581481e-04
50 24.248711306 2.1688925653716009e-04
52 24.248711306 2.7485465425990910e-04
54 24.248711306 3.5561160561143435e-04
56 24.248711306 4.6083619076094009e-04
58 24.248711306 5.9102808664140559e-04
60 24.248711306 7.4460850049604382e-04
62 24.248711306 9.1714210130752760e-04
64 24.248711306 1.1009156013058175e-03
66 24.248711306 1.2850836402553060e-03
68 24.248711306 1.4564941943648678e-03
70 24.248711306 1.6011481116510026e-03
72 24.248711306 1.7060738065560060e-03

15 25.9807621135 1.7819968444334274e-03
17 25.9807621135 1.7534967353548790e-03
19 25.9807621135 1.6708532066940787e-03
21 25.9807621135 1.5421618509202535e-03
23 25.9807621135 1.3794403277036427e-03
25 25.9807621135 1.1967637126752578e-03
27 25.9807621135 1.0082533763543136e-03
29 25.9807621135 8.2632257868280891e-04
31 25.9807621135 6.6048270076780294e-04
33 25.9807621135 5.1684900246507610e-04
35 25.9807621135 3.9830765940017398e-04
37 25.9807621135 3.0516925436905169e-04
39 25.9807621135 2.3607058469127967e-04
41 25.9807621135 1.8889940336696556e-04
43 25.9807621135 1.6158162573196133e-04
45 25.9807621135 1.5265073145135388e-04
47 25.9807621135 1.6158162573196003e-04
49 25.9807621135 1.8889940336696461e-04
51 25.9807621135 2.3607058469127872e-04
53 25.9807621135 3.0516925436905223e-04
55 25.9807621135 3.9830765940017729e-04
57 25.9807621135 5.1684900246506895e-04
59 25.9807621135 6.6048270076779828e-04
61 25.9807621135 8.2632257868280685e-04
63 25.9807621135 1.0082533763543155e-03
65 25.9807621135 1.1967637126752612e-03
67 25.9807621135 1.3794403277036414e-03
69 25.9807621135 1.5421618509202531e-03
71 25.9807621135 1.6708532066940774e-03
73 25.9807621135 1.7534967353548781e-03

16 27.7128129211 1.7612630654486212e-03
18 27.7128129211 1.7060738065560073e-03
20 27.7128129211 1.6011481116510035e-03
22 27.7128129211 1.4564941943648671e-03
24 27.7128129211 1.2850836402553058e-03
26 27.7128129211 1.1009156013058127e-03
28 27.7128129211 9.1714210130753768e-04
30 27.7128129211 7.4460850049605347e-04
32 27.7128129211 5.9102808664141481e-04
34 27.7128129211 4.6083619076093684e-04
36 27.7128129211 3.5561160561143414e-04
38 27.7128129211 2.7485465425990916e-04
40 27.7128129211 2.1688925653715882e-04
42 27.7128129211 1.7969889108581494e-04
44 27.7128129211 1.6158162573195914e-04
46 27.7128129211 1.6158162573196009e-04
48 27.7128129211 1.7969889108581402e-04
50 27.7128129211 2.1688925653715808e-04
52 27.7128129211 2.7485465425990845e-04
54 27.7128129211 3.5561160561143679e-04
56 27.7128129211 4.6083619076094025e-04
58 27.7128129211 5.9102808664141025e-04
60 27.7128129211 7.4460850049605130e-04
62 27.7128129211 9.1714210130753617e-04
64 27.7128129211 1.1009156013058134e-03
66 27.7128129211 1.2850836402553047e-03
68 27.7128129211 1.4564941943648662e-03
70 27.7128129211 1.6011481116510052e-03
72 27.7128129211 1.7060738065560060e-03
74 27.7128129211 1.7612630654486204e-03

17 29.4448637287 1.7027168825038963e-03
19 29.4448637287 1.6263379733738074e-03
21 29.4448637287 1.5071939880193423e-03
23 29.4448637287 1.3561270171699371e-03
25 29.4448637287 1.1858612841947423e-03
27 29.4448637287 1.0092132070683535e-03
29 29.4448637287 8.3753443964645067e-04
31 29.4448637287 6.7965502759444077e-04
33 29.4448637287 5.4144430826648209e-04
35 29.4448637287 4.2594962588480602e-04
37 29.4448637287 3.3395431197269477e-04
39 29.4448637287 2.6474445602620771e-04
41 29.4448637287 2.1688925653715806e-04
43 29.4448637287 1.8889940336696550e-04
45 29.4448637287 1.7969889108581297e-04
47 29.4448637287 1.8889940336696398e-04
49 29.4448637287 2.1688925653715732e-04
51 29.4448637287 2.6474445602620678e-04
53 29.4448637287 3.3395431197269564e-04
55 29.4448637287 4.2594962588480846e-04
57 29.4448637287 5.4144430826647450e-04
59 29.4448637287 6.7965502759443621e-04
61 29.4448637287 8.3753443964644850e-04
63 29.4448637287 1.0092132070683546e-03
65 29.4448637287 1.1858612841947431e-03
67 29.4448637287 1.3561270171699336e-03
69 29.4448637287 1.5071939880193417e-03
71 29.4448637287 1.6263379733738059e-03
73 29.4448637287 1.7027168825038959e-03
75 29.4448637287 1.7290344123983125e-03

18 31.1769145362 1.6166453486646068e-03
20 31.1769145362 1.5273280840353825e-03
22 31.1769145362 1.4035833977140060e-03
24 31.1769145362 1.2558690180608841e-03
26 31.1769145362 1.0955422063995478e-03
28 31.1769145362 9.3340332901044429e-04
30 31.1769145362 7.7857127640042364e-04
32 31.1769145362 6.3785104495882197e-04
34 31.1769145362 5.1561511743102235e-04
36 31.1769145362 4.1410044841241986e-04
38 31.1769145362 3.3395431197269520e-04
40 31.1769145362 2.7485465425990834e-04
42 31.1769145362 2.3607058469127864e-04
44 31.1769145362 2.1688925653715464e-04
46 31.1769145362 2.1688925653715507e-04
48 31.1769145362 2.3607058469127853e-04
50 31.1769145362 2.7485465425990802e-04
52 31.1769145362 3.3395431197269509e-04
54 31.1769145362 4.1410044841242176e-04
56 31.1769145362 5.1561511743102614e-04
58 31.1769145362 6.3785104495881731e-04
60 31.1769145362 7.7857127640042136e-04
62 31.1769145362 9.3340332901044158e-04
64 31.1769145362 1.0955422063995486e-03
66 31.1769145362 1.2558690180608828e-03
68 31.1769145362 1.4035833977140051e-03
70 31.1769145362 1.5273280840353840e-03
72 31.1769145362 1.6166453486646053e-03
74 31.1769145362 1.6634919501402252e-03
76 31.1769145362 1.6634919501402267e-03

19 32.9089653438 1.5180802172252590e-03
21 32.9089653438 1.4254518890571618e-03
23 32.9089653438 1.3067278181068012e-03
25 32.9089653438 1.1708502620255759e-03
27 32.9089653438 1.0269721864104599e-03
29 32.9089653438 8.8345671597274866e-04
31 32.9089653438 7.4721306814484712e-04
33 32.9089653438 6.2342395511748988e-04
35 32.9089653438 5.1561511743102321e-04
37 32.9089653438 4.2594962588480602e-04
39 32.9089653438 3.5561160561143468e-04
41 32.9089653438 3.0516925436905148e-04
43 32.9089653438 2.7485465425990780e-04
45 32.9089653438 2.6474445602620451e-04
47 32.9089653438 2.7485465425990639e-04
49 32.9089653438 3.0516925436905148e-04
51 32.9089653438 3.5561160561143560e-04
53 32.9089653438 4.2594962588480726e-04
55 32.9089653438 5.1561511743102723e-04
57 32.9089653438 6.2342395511748500e-04
59 32.9089653438 7.4721306814483964e-04
61 32.9089653438 8.8345671597274389e-04
63 32.9089653438 1.0269721864104586e-03
65 32.9089653438 1.1708502620255748e-03
67 32.9089653438 1.3067278181068008e-03
69 32.9089653438 1.4254518890571615e-03
71 32.9089653438 1.5180802172252569e-03
73 32.9089653438 1.5770544785003243e-03
75 32.9089653438 1.5973074835010489e-03
77 32.9089653438 1.5770544785003253e-03

20 34.6410161514 1.4241000814888716e-03
22 34.6410161514 1.3376182213985909e-03
24 34.6410161514 1.2320639895626593e-03
26 34.6410161514 1.1140191860113144e-03
28 34.6410161514 9.9001609741714079e-04
30 34.6410161514 8.6602952026732698e-04
32 34.6410161514 7.4721306814484799e-04
34 34.6410161514 6.3785104495881590e-04
36 34.6410161514 5.4144430826647634e-04
38 34.6410161514 4.6083619076094242e-04
40 34.6410161514 3.9830765940017913e-04
42 34.6410161514 3.5561160561143891e-04
44 34.6410161514 3.3395431197269119e-04
46 34.6410161514 3.3395431197269152e-04
48 34.6410161514 3.5561160561143235e-04
50 34.6410161514 3.9830765940017615e-04
52 34.6410161514 4.6083619076093971e-04
54 34.6410161514 5.4144430826647656e-04
56 34.6410161514 6.3785104495881623e-04
58 34.6410161514 7.4721306814484148e-04
60 34.6410161514 8.6602952026732243e-04
62 34.6410161514 9.9001609741713689e-04
64 34.6410161514 1.1140191860113118e-03
66 34.6410161514 1.2320639895626582e-03
68 34.6410161514 1.3376182213985907e-03
70 34.6410161514 1.4241000814888731e-03
72 34.6410161514 1.4855793103101776e-03
74 34.6410161514 1.5175416064827536e-03
76 34.6410161514 1.5175416064827532e-03
78 34.6410161514 1.4855793103101778e-03

21 36.3730669589 1.3508536734907776e-03
23 36.3730669589 1.2783658084374121e-03
25 36.3730669589 1.1915001862018413e-03
27 36.3730669589 1.0940582214305984e-03
29 36.3730669589 9.9001609741713992e-04
31 36.3730669589 8.8345671597274715e-04
33 36.3730669589 7.7857127640042515e-04
35 36.3730669589 6.7965502759443480e-04
37 36.3730669589 5.9102808664140917e-04
39 36.3730669589 5.1684900246507122e-04
41 36.3730669589 4.6083619076094085e-04
43 36.3730669589 4.2594962588480770e-04
45 36.3730669589 4.1410044841241726e-04
47 36.3730669589 4.2594962588480108e-04
49 36.3730669589 4.6083619076093456e-04
51 36.3730669589 5.1684900246506786e-04
53 36.3730669589 5.9102808664140754e-04
55 36.3730669589 6.7965502759443535e-04
57 36.3730669589 7.7857127640041811e-04
59 36.3730669589 8.8345671597274238e-04
61 36.3730669589 9.9001609741713689e-04
63 36.3730669589 1.0940582214305958e-03
65 36.3730669589 1.1915001862018407e-03
67 36.3730669589 1.2783658084374104e-03
69 36.3730669589 1.3508536734907759e-03
71 36.3730669589 1.4055191614444165e-03
73 36.3730669589 1.4395577605904716e-03
75 36.3730669589 1.4511198649594672e-03
77 36.3730669589 1.4395577605904712e-03
79 36.3730669589 1.4055191614444171e-03

22 38.1051177665 1.3108346420775429e-03
24 38.1051177665 1.2574685269208978e-03
26 38.1051177665 1.1915001862018381e-03
28 38.1051177665 1.1140191860113103e-03
30 38.1051177665 1.0269721864104571e-03
32 38.1051177665 9.3340332901044396e-04
34 38.1051177665 8.3753443964644384e-04
36 38.1051177665 7.4460850049605000e-04
38 38.1051177665 6.6048270076779925e-04
40 38.1051177665 5.9102808664140993e-04
42 38.1051177665 5.4144430826647699e-04
44 38.1051177665 5.1561511743102712e-04
46 38.1051177665 5.1561511743102701e-04
48 38.1051177665 5.4144430826647612e-04
50 38.1051177665 5.9102808664140917e-04
52 38.1051177665 6.6048270076779676e-04
54 38.1051177665 7.4460850049604859e-04
56 38.1051177665 8.3753443964644622e-04
58 38.1051177665 9.3340332901044190e-04
60 38.1051177665 1.0269721864104566e-03
62 38.1051177665 1.1140191860113107e-03
64 38.1051177665 1.1915001862018398e-03
66 38.1051177665 1.2574685269208970e-03
68 38.1051177665 1.3108346420775427e-03
70 38.1051177665 1.3510716290031303e-03
72 38.1051177665 1.3779595893317362e-03
74 38.1051177665 1.3914169060602857e-03
76 38.1051177665 1.3914169060602857e-03
78 38.1051177665 1.3779595893317362e-03
80 38.1051177665 1.3510716290031288e-03

23 39.8371685741 1.3108346420775442e-03
25 39.8371685741 1.2783658084374069e-03
27 39.8371685741 1.2320639895626562e-03
29 39.8371685741 1.1708502620255759e-03
31 39.8371685741 1.0955422063995501e-03
33 39.8371685741 1.0092132070683563e-03
35 39.8371685741 9.1714210130753660e-04
37 39.8371685741 8.2632257868280783e-04
39 39.8371685741 7.4460850049605119e-04
41 39.8371685741 6.7965502759443784e-04
43 39.8371685741 6.3785104495881677e-04
45 39.8371685741 6.2342395511748403e-04
47 39.8371685741 6.3785104495881493e-04
49 39.8371685741 6.7965502759443437e-04
51 39.8371685741 7.4460850049604718e-04
53 39.8371685741 8.2632257868280512e-04
55 39.8371685741 9.1714210130753584e-04
57 39.8371685741 1.0092132070683520e-03
59 39.8371685741 1.0955422063995471e-03
61 39.8371685741 1.1708502620255744e-03
63 39.8371685741 1.2320639895626571e-03
65 39.8371685741 1.2783658084374095e-03
67 39.8371685741 1.3108346420775423e-03
69 39.8371685741 1.3317997435725686e-03
71 39.8371685741 1.3440767938565064e-03
73 39.8371685741 1.3502469762609671e-03
75 39.8371685741 1.3520926050843971e-03
77 39.8371685741 1.3502469762609640e-03
79 39.8371685741 1.3440767938565044e-03
81 39.8371685741 1.3317997435725705e-03

24 41.5692193817 1.3508536734907802e-03
26 41.5692193817 1.3376182213985903e-03
28 41.5692193817 1.3067278181068006e-03
30 41.5692193817 1.2558690180608848e-03
32 41.5692193817 1.1858612841947455e-03
34 41.5692193817 1.1009156013058090e-03
36 41.5692193817 1.0082533763543142e-03
38 41.5692193817 9.1714210130753584e-04
40 41.5692193817 8.3753443964644796e-04
42 41.5692193817 7.7857127640042006e-04
44 41.5692193817 7.4721306814484029e-04
46 41.5692193817 7.4721306814484062e-04
48 41.5692193817 7.7857127640041919e-04
50 41.5692193817 8.3753443964644720e-04
52 41.5692193817 9.1714210130753487e-04
54 41.5692193817 1.0082533763543131e-03
56 41.5692193817 1.1009156013058101e-03
58 41.5692193817 1.1858612841947420e-03
60 41.5692193817 1.2558690180608835e-03
62 41.5692193817 1.3067278181068001e-03
64 41.5692193817 1.3376182213985903e-03
66 41.5692193817 1.3508536734907772e-03
68 41.5692193817 1.3510716290031284e-03
70 41.5692193817 1.3440767938565049e-03
72 41.5692193817 1.3355863252598223e-03
74 41.5692193817 1.3301063821680159e-03
76 41.5692193817 1.3301063821680164e-03
78 41.5692193817 1.3355863252598238e-03
80 41.5692193817 1.3440767938565066e-03
82 41.5692193817 1.3510716290031310e-03

25 43.3012701892 1.4241000814888725e-03
27 43.3012701892 1.4254518890571635e-03
29 43.3012701892 1.4035833977140083e-03
31 43.3012701892 1.3561270171699397e-03
33 43.3012701892 1.2850836402553034e-03
35 43.3012701892 1.1967637126752645e-03
37 43.3012701892 1.1009156013058108e-03
39 43.3012701892 1.0092132070683563e-03
41 43.3012701892 9.3340332901044310e-04
43 43.3012701892 8.8345671597274281e-04
45 43.3012701892 8.6602952026732026e-04
47 43.3012701892 8.8345671597274216e-04
49 43.3012701892 9.3340332901044093e-04
51 43.3012701892 1.0092132070683530e-03
53 43.3012701892 1.1009156013058068e-03
55 43.3012701892 1.1967637126752636e-03
57 43.3012701892 1.2850836402553002e-03
59 43.3012701892 1.3561270171699366e-03
61 43.3012701892 1.4035833977140068e-03
63 43.3012701892 1.4254518890571633e-03
65 43.3012701892 1.4241000814888731e-03
67 43.3012701892 1.4055191614444169e-03
69 43.3012701892 1.3779595893317353e-03
71 43.3012701892 1.3502469762609658e-03
73 43.3012701892 1.3301063821680172e-03
75 43.3012701892 1.3227762035180474e-03
77 43.3012701892 1.3301063821680177e-03
79 43.3012701892 1.3502469762609664e-03
81 43.3012701892 1.3779595893317381e-03
83 43.3012701892 1.4055191614444191e-03

26 45.0333209968 1.5180802172252575e-03
28 45.0333209968 1.5273280840353836e-03
30 45.0333209968 1.5071939880193419e-03
32 45.0333209968 1.4564941943648658e-03
34 45.0333209968 1.3794403277036407e-03
36 45.0333209968 1.2850836402552993e-03
38 45.0333209968 1.1858612841947405e-03
40 45.0333209968 1.0955422063995475e-03
42 45.0333209968 1.0269721864104547e-03
44 45.0333209968 9.9001609741713385e-04
46 45.0333209968 9.9001609741713407e-04
48 45.0333209968 1.0269721864104536e-03
50 45.0333209968 1.0955422063995473e-03
52 45.0333209968 1.1858612841947394e-03
54 45.0333209968 1.2850836402552956e-03
56 45.0333209968 1.3794403277036392e-03
58 45.0333209968 1.4564941943648643e-03
60 45.0333209968 1.5071939880193419e-03
62 45.0333209968 1.5273280840353827e-03
64 45.0333209968 1.5180802172252569e-03
66 45.0333209968 1.4855793103101772e-03
68 45.0333209968 1.4395577605904697e-03
70 45.0333209968 1.3914169060602847e-03
72 45.0333209968 1.3520926050843984e-03
74 45.0333209968 1.3301063821680170e-03
76 45.0333209968 1.3301063821680172e-03
78 45.0333209968 1.3520926050843987e-03
80 45.0333209968 1.3914169060602866e-03
82 45.0333209968 1.4395577605904740e-03
84 45.0333209968 1.4855793103101796e-03

27 46.7653718044 1.6166453486646077e-03
29 46.7653718044 1.6263379733738057e-03
31 46.7653718044 1.6011481116510026e-03
33 46.7653718044 1.5421618509202540e-03
35 46.7653718044 1.4564941943648641e-03
37 46.7653718044 1.3561270171699351e-03
39 46.7653718044 1.2558690180608813e-03
41 46.7653718044 1.1708502620255731e-03
43 46.7653718044 1.1140191860113083e-03
45 46.7653718044 1.0940582214305911e-03
47 46.7653718044 1.1140191860113083e-03
49 46.7653718044 1.1708502620255711e-03
51 46.7653718044 1.2558690180608783e-03
53 46.7653718044 1.3561270171699314e-03
55 46.7653718044 1.4564941943648615e-03
57 46.7653718044 1.5421618509202522e-03
59 46.7653718044 1.6011481116510009e-03
61 46.7653718044 1.6263379733738048e-03
63 46.7653718044 1.6166453486646055e-03
65 46.7653718044 1.5770544785003260e-03
67 46.7653718044 1.5175416064827547e-03
69 46.7653718044 1.4511198649594667e-03
71 46.7653718044 1.3914169060602855e-03
73 46.7653718044 1.3502469762609662e-03
75 46.7653718044 1.3355863252598247e-03
77 46.7653718044 1.3502469762609664e-03
79 46.7653718044 1.3914169060602857e-03
81 46.7653718044 1.4511198649594709e-03
83 46.7653718044 1.5175416064827569e-03
85 46.7653718044 1.5770544785003256e-03

28 48.4974226119 1.7027168825038963e-03
30 48.4974226119 1.7060738065560065e-03
32 48.4974226119 1.6708532066940782e-03
34 48.4974226119 1.6011481116510020e-03
36 48.4974226119 1.5071939880193423e-03
38 48.4974226119 1.4035833977140040e-03
40 48.4974226119 1.3067278181067958e-03
42 48.4974226119 1.2320639895626530e-03
44 48.4974226119 1.1915001862018346e-03
46 48.4974226119 1.1915001862018359e-03
48 48.4974226119 1.2320639895626504e-03
50 48.4974226119 1.3067278181067956e-03
52 48.4974226119 1.4035833977140029e-03
54 48.4974226119 1.5071939880193389e-03
56 48.4974226119 1.6011481116509991e-03
58 48.4974226119 1.6708532066940771e-03
60 48.4974226119 1.7060738065560052e-03
62 48.4974226119 1.7027168825038959e-03
64 48.4974226119 1.6634919501402269e-03
66 48.4974226119 1.5973074835010500e-03
68 48.4974226119 1.5175416064827532e-03
70 48.4974226119 1.4395577605904705e-03
72 48.4974226119 1.3779595893317345e-03
74 48.4974226119 1.3440767938565044e-03
76 48.4974226119 1.3440767938565073e-03
78 48.4974226119 1.3779595893317371e-03
80 48.4974226119 1.4395577605904686e-03
82 48.4974226119 1.5175416064827530e-03
84 48.4974226119 1.5973074835010485e-03
86 48.4974226119 1.6634919501402271e-03

29 50.2294734195 1.7612630654486199e-03
31 50.2294734195 1.7534967353548783e-03
33 50.2294734195 1.7060738065560043e-03
35 50.2294734195 1.6263379733738024e-03
37 50.2294734195 1.5273280840353808e-03
39 50.2294734195 1.4254518890571587e-03
41 50.2294734195 1.3376182213985870e-03
43 50.2294734195 1.2783658084374030e-03
45 50.2294734195 1.2574685269208905e-03
47 50.2294734195 1.2783658084374028e-03
49 50.2294734195 1.3376182213985846e-03
51 50.2294734195 1.4254518890571561e-03
53 50.2294734195 1.5273280840353771e-03
55 50.2294734195 1.6263379733738004e-03
57 50.2294734195 1.7060738065560034e-03
59 50.2294734195 1.7534967353548775e-03
61 50.2294734195 1.7612630654486189e-03
63 50.2294734195 1.7290344123983112e-03
65 50.2294734195 1.6634919501402276e-03
67 50.2294734195 1.5770544785003273e-03
69 50.2294734195 1.4855793103101791e-03
71 50.2294734195 1.4055191614444158e-03
73 50.2294734195 1.3510716290031299e-03
75 50.2294734195 1.3317997435725718e-03
77 50.2294734195 1.3510716290031316e-03
79 50.2294734195 1.4055191614444184e-03
81 50.2294734195 1.4855793103101774e-03
83 50.2294734195 1.5770544785003249e-03
85 50.2294734195 1.6634919501402287e-03
87 50.2294734195 1.7290344123983129e-03

