# x  y  P
# Dipanjan rectangular embedding; physical parity sites only
1 0 1.3127900000000001e-03
3 0 1.3503300000000001e-03
5 0 1.4270900000000000e-03
7 0 1.5113900000000000e-03
9 0 1.6195400000000000e-03
11 0 1.7029700000000000e-03
13 0 1.7482600000000000e-03
15 0 1.7798499999999999e-03
17 0 1.7665999999999999e-03
19 0 1.6959799999999999e-03
21 0 1.6225700000000000e-03
23 0 1.5139900000000000e-03
25 0 1.4238000000000000e-03
27 0 1.3570600000000000e-03
29 0 1.3088300000000000e-03
31 0 1.3129900000000000e-03
33 0 1.3498600000000000e-03
35 0 1.4283500000000001e-03
37 0 1.5199000000000000e-03
39 0 1.6164599999999999e-03
41 0 1.7015699999999999e-03
43 0 1.7612400000000001e-03
45 0 1.7829700000000000e-03
47 0 1.7652300000000000e-03
49 0 1.7065699999999999e-03
51 0 1.6156600000000001e-03
53 0 1.5172700000000000e-03
55 0 1.4227199999999999e-03
57 0 1.3457199999999999e-03
59 0 1.3094400000000000e-03

0 1 1.2564600000000000e-03
2 1 1.2824200000000000e-03
4 1 1.3400500000000000e-03
6 1 1.4225900000000001e-03
8 1 1.5181900000000000e-03
10 1 1.6318900000000000e-03
12 1 1.6986799999999999e-03
14 1 1.7520400000000001e-03
16 1 1.7565899999999999e-03
18 1 1.7305800000000000e-03
20 1 1.6609699999999999e-03
22 1 1.5751900000000000e-03
24 1 1.4854499999999999e-03
26 1 1.4069600000000001e-03
28 1 1.3512600000000000e-03
30 1 1.3291500000000001e-03
32 1 1.3462700000000001e-03
34 1 1.4025800000000001e-03
36 1 1.4779900000000000e-03
38 1 1.5785599999999999e-03
40 1 1.6664000000000000e-03
42 1 1.7255000000000000e-03
44 1 1.7603100000000000e-03
46 1 1.7508300000000001e-03
48 1 1.7118000000000001e-03
50 1 1.6236700000000000e-03
52 1 1.5290900000000001e-03
54 1 1.4329900000000001e-03
56 1 1.3363500000000000e-03
58 1 1.2739400000000001e-03

1 2 1.1948099999999999e-03
3 2 1.2277600000000000e-03
5 2 1.3094000000000001e-03
7 2 1.4061700000000000e-03
9 2 1.5124299999999999e-03
11 2 1.6076100000000000e-03
13 2 1.6721699999999999e-03
15 2 1.6989800000000001e-03
17 2 1.6938999999999999e-03
19 2 1.6677100000000000e-03
21 2 1.5948399999999999e-03
23 2 1.5169900000000000e-03
25 2 1.4421300000000000e-03
27 2 1.3784299999999999e-03
29 2 1.3457600000000001e-03
31 2 1.3382699999999999e-03
33 2 1.3784500000000000e-03
35 2 1.4358900000000000e-03
37 2 1.5209500000000001e-03
39 2 1.5965599999999999e-03
41 2 1.6628100000000000e-03
43 2 1.7006000000000000e-03
45 2 1.7000100000000001e-03
47 2 1.6735000000000001e-03
49 2 1.6035699999999999e-03
51 2 1.5017600000000000e-03
53 2 1.4072399999999999e-03
55 2 1.3100500000000001e-03
57 2 1.2322699999999999e-03
59 2 1.1981699999999999e-03

0 3 1.0948600000000000e-03
2 3 1.1155300000000000e-03
4 3 1.1785400000000001e-03
6 3 1.2584100000000000e-03
8 3 1.3587000000000000e-03
10 3 1.4555600000000001e-03
12 3 1.5499000000000001e-03
14 3 1.5986399999999999e-03
16 3 1.6250900000000000e-03
18 3 1.6188800000000001e-03
20 3 1.5807000000000000e-03
22 3 1.5234400000000000e-03
24 3 1.4465000000000001e-03
26 3 1.3888100000000001e-03
28 3 1.3527299999999999e-03
30 3 1.3353000000000000e-03
32 3 1.3500900000000000e-03
34 3 1.3950300000000000e-03
36 3 1.4512500000000001e-03
38 3 1.5170299999999999e-03
40 3 1.5853799999999999e-03
42 3 1.6150699999999999e-03
44 3 1.6265800000000001e-03
46 3 1.6028600000000000e-03
48 3 1.5402000000000000e-03
50 3 1.4520100000000001e-03
52 3 1.3503499999999999e-03
54 3 1.2550199999999999e-03
56 3 1.1648699999999999e-03
58 3 1.1109399999999999e-03

1 4 9.8901000000000002e-04
3 4 1.0236600000000000e-03
5 4 1.0992400000000000e-03
7 4 1.1795600000000001e-03
9 4 1.2876299999999999e-03
11 4 1.3823399999999999e-03
13 4 1.4545700000000001e-03
15 4 1.5027899999999999e-03
17 4 1.5215599999999999e-03
19 4 1.5198300000000000e-03
21 4 1.4868800000000001e-03
23 4 1.4338000000000000e-03
25 4 1.3868500000000000e-03
27 4 1.3511500000000000e-03
29 4 1.3330099999999999e-03
31 4 1.3247300000000001e-03
33 4 1.3502799999999999e-03
35 4 1.3893800000000000e-03
37 4 1.4351600000000000e-03
39 4 1.4799500000000001e-03
41 4 1.5211599999999999e-03
43 4 1.5309200000000001e-03
45 4 1.5188199999999999e-03
47 4 1.4577600000000000e-03
49 4 1.3823100000000001e-03
51 4 1.2818199999999999e-03
53 4 1.1842400000000000e-03
55 4 1.0912300000000001e-03
57 4 1.0306499999999999e-03
59 4 9.8868000000000003e-04

0 5 8.6733000000000003e-04
2 5 8.8263000000000002e-04
4 5 9.3157999999999999e-04
6 5 1.0141799999999999e-03
8 5 1.0998799999999999e-03
10 5 1.1991100000000000e-03
12 5 1.2853100000000000e-03
14 5 1.3541000000000000e-03
16 5 1.4008400000000000e-03
18 5 1.4190900000000000e-03
20 5 1.4214799999999999e-03
22 5 1.4008600000000001e-03
24 5 1.3796200000000000e-03
26 5 1.3576800000000000e-03
28 5 1.3316400000000000e-03
30 5 1.3248600000000000e-03
32 5 1.3338700000000000e-03
34 5 1.3470200000000000e-03
36 5 1.3794899999999999e-03
38 5 1.4095100000000001e-03
40 5 1.4215700000000000e-03
42 5 1.4252900000000001e-03
44 5 1.4061000000000000e-03
46 5 1.3512600000000000e-03
48 5 1.2869100000000001e-03
50 5 1.1939400000000001e-03
52 5 1.1061999999999999e-03
54 5 1.0118200000000001e-03
56 5 9.3092999999999995e-04
58 5 8.8400000000000002e-04

1 6 7.4534999999999998e-04
3 6 7.7574999999999996e-04
5 6 8.3695999999999998e-04
7 6 9.1547999999999998e-04
9 6 1.0110000000000000e-03
11 6 1.1023500000000000e-03
13 6 1.1841700000000000e-03
15 6 1.2607199999999999e-03
17 6 1.3042300000000000e-03
19 6 1.3360200000000000e-03
21 6 1.3550700000000001e-03
23 6 1.3491300000000000e-03
25 6 1.3489800000000001e-03
27 6 1.3279100000000001e-03
29 6 1.3317400000000001e-03
31 6 1.3309400000000001e-03
33 6 1.3371100000000001e-03
35 6 1.3497800000000001e-03
37 6 1.3488700000000001e-03
39 6 1.3535900000000000e-03
41 6 1.3388600000000001e-03
43 6 1.3066099999999999e-03
45 6 1.2604400000000000e-03
47 6 1.1866400000000001e-03
49 6 1.1029400000000000e-03
51 6 1.0130400000000000e-03
53 6 9.1675999999999997e-04
55 6 8.3819999999999999e-04
57 6 7.8014000000000002e-04
59 6 7.4208000000000000e-04

0 7 6.1525999999999996e-04
2 7 6.3383000000000005e-04
4 7 6.8663999999999997e-04
6 7 7.4403000000000002e-04
8 7 8.2770999999999995e-04
10 7 9.1728000000000003e-04
12 7 1.0099200000000001e-03
14 7 1.0955600000000000e-03
16 7 1.1729600000000000e-03
18 7 1.2330300000000000e-03
20 7 1.2800000000000001e-03
22 7 1.3094300000000001e-03
24 7 1.3373100000000000e-03
26 7 1.3381000000000001e-03
28 7 1.3560800000000000e-03
30 7 1.3494300000000000e-03
32 7 1.3478699999999999e-03
34 7 1.3421200000000000e-03
36 7 1.3351999999999999e-03
38 7 1.3077099999999999e-03
40 7 1.2784199999999999e-03
42 7 1.2327600000000001e-03
44 7 1.1666700000000001e-03
46 7 1.0905600000000000e-03
48 7 1.0075600000000000e-03
50 7 9.1887000000000002e-04
52 7 8.2359000000000002e-04
54 7 7.4750000000000001e-04
56 7 6.8391000000000003e-04
58 7 6.3557000000000002e-04

1 8 5.1740000000000000e-04
3 8 5.4301000000000002e-04
5 8 5.8828000000000005e-04
7 8 6.6102999999999995e-04
9 8 7.3977999999999999e-04
11 8 8.3359000000000005e-04
13 8 9.3566999999999999e-04
15 8 1.0291100000000000e-03
17 8 1.1176000000000001e-03
19 8 1.1949899999999999e-03
21 8 1.2603800000000000e-03
23 8 1.3103500000000001e-03
25 8 1.3517900000000001e-03
27 8 1.3811800000000001e-03
29 8 1.3882199999999999e-03
31 8 1.3893099999999999e-03
33 8 1.3771400000000000e-03
35 8 1.3504700000000001e-03
37 8 1.3145699999999999e-03
39 8 1.2568200000000001e-03
41 8 1.1877100000000000e-03
43 8 1.1139200000000000e-03
45 8 1.0241800000000000e-03
47 8 9.3110000000000003e-04
49 8 8.4175999999999999e-04
51 8 7.4795000000000005e-04
53 8 6.6036000000000003e-04
55 8 5.8772999999999996e-04
57 8 5.4169000000000005e-04
59 8 5.1791999999999995e-04

0 9 4.1480999999999999e-04
2 9 4.2518999999999999e-04
4 9 4.6223999999999999e-04
6 9 5.1725000000000002e-04
8 9 5.9055000000000002e-04
10 9 6.7927000000000005e-04
12 9 7.8089999999999995e-04
14 9 8.8542000000000004e-04
16 9 9.8441999999999996e-04
18 9 1.0964200000000001e-03
20 9 1.1860000000000000e-03
22 9 1.2763600000000000e-03
24 9 1.3480899999999999e-03
26 9 1.4077499999999999e-03
28 9 1.4335699999999999e-03
30 9 1.4532300000000000e-03
32 9 1.4341300000000000e-03
34 9 1.4034099999999999e-03
36 9 1.3493400000000001e-03
38 9 1.2837500000000000e-03
40 9 1.1951700000000000e-03
42 9 1.0920100000000000e-03
44 9 9.9562000000000001e-04
46 9 8.8239000000000004e-04
48 9 7.7747000000000005e-04
50 9 6.7893999999999995e-04
52 9 5.8763000000000001e-04
54 9 5.1756000000000003e-04
56 9 4.5848999999999998e-04
58 9 4.2955000000000001e-04

1 10 3.3239000000000001e-04
3 10 3.5274999999999998e-04
5 10 3.9713999999999998e-04
7 10 4.6234999999999999e-04
9 10 5.4312000000000002e-04
11 10 6.4178000000000000e-04
13 10 7.4887000000000000e-04
15 10 8.6302000000000004e-04
17 10 9.9152000000000007e-04
19 10 1.1136099999999999e-03
21 10 1.2312400000000000e-03
23 10 1.3374400000000001e-03
25 10 1.4300700000000001e-03
27 10 1.4837299999999999e-03
29 10 1.5231800000000001e-03
31 10 1.5162800000000001e-03
33 10 1.4914800000000001e-03
35 10 1.4231199999999999e-03
37 10 1.3363699999999999e-03
39 10 1.2348200000000000e-03
41 10 1.1141499999999999e-03
43 10 9.9372999999999996e-04
45 10 8.6602000000000001e-04
47 10 7.5157999999999996e-04
49 10 6.3946999999999995e-04
51 10 5.4067999999999998e-04
53 10 4.5898999999999999e-04
55 10 3.9999000000000002e-04
57 10 3.5457000000000002e-04
59 10 3.3304000000000000e-04

0 11 2.6604999999999999e-04
2 11 2.7441000000000000e-04
4 11 3.0802000000000000e-04
6 11 3.5877000000000001e-04
8 11 4.2789999999999999e-04
10 11 5.1606000000000004e-04
12 11 6.2111000000000002e-04
14 11 7.4688000000000000e-04
16 11 8.8882000000000002e-04
18 11 1.0295700000000001e-03
20 11 1.1679300000000000e-03
22 11 1.3095500000000000e-03
24 11 1.4233200000000001e-03
26 11 1.5140900000000001e-03
28 11 1.5790600000000000e-03
30 11 1.5946700000000001e-03
32 11 1.5779600000000000e-03
34 11 1.5192599999999999e-03
36 11 1.4333700000000000e-03
38 11 1.3103600000000000e-03
40 11 1.1715100000000000e-03
42 11 1.0279300000000000e-03
44 11 8.8478999999999999e-04
46 11 7.4896999999999995e-04
48 11 6.2624000000000002e-04
50 11 5.1754000000000004e-04
52 11 4.2287000000000000e-04
54 11 3.5502000000000000e-04
56 11 3.0613999999999999e-04
58 11 2.7676000000000003e-04

1 12 2.1308000000000001e-04
3 12 2.3347999999999999e-04
5 12 2.7439000000000001e-04
7 12 3.3474999999999998e-04
9 12 4.1709000000000001e-04
11 12 5.1374000000000005e-04
13 12 6.3783999999999998e-04
15 12 7.7539000000000004e-04
17 12 9.2891000000000002e-04
19 12 1.0934199999999999e-03
21 12 1.2585999999999999e-03
23 12 1.4063500000000000e-03
25 12 1.5269700000000001e-03
27 12 1.6139200000000000e-03
29 12 1.6664200000000001e-03
31 12 1.6668500000000001e-03
33 12 1.6214900000000000e-03
35 12 1.5195700000000000e-03
37 12 1.4034200000000001e-03
39 12 1.2579799999999999e-03
41 12 1.0919300000000001e-03
43 12 9.3293000000000000e-04
45 12 7.7340000000000004e-04
47 12 6.3805999999999997e-04
49 12 5.1446000000000000e-04
51 12 4.1449000000000000e-04
53 12 3.3210000000000000e-04
55 12 2.7597000000000000e-04
57 12 2.3385999999999999e-04
59 12 2.1822000000000001e-04

0 13 1.7799999999999999e-04
2 13 1.8819000000000000e-04
4 13 2.1525000000000000e-04
6 13 2.6422000000000001e-04
8 13 3.3566999999999999e-04
10 13 4.2410000000000001e-04
12 13 5.4476000000000004e-04
14 13 6.8104999999999999e-04
16 13 8.3942000000000001e-04
18 13 1.0124400000000001e-03
20 13 1.1879200000000001e-03
22 13 1.3589800000000001e-03
24 13 1.5044900000000000e-03
26 13 1.6316099999999999e-03
28 13 1.6984500000000000e-03
30 13 1.7304200000000001e-03
32 13 1.7084400000000001e-03
34 13 1.6315500000000001e-03
36 13 1.5142700000000001e-03
38 13 1.3617900000000001e-03
40 13 1.1926199999999999e-03
42 13 1.0062900000000000e-03
44 13 8.3401000000000005e-04
46 13 6.7635999999999998e-04
48 13 5.4317000000000005e-04
50 13 4.2642000000000000e-04
52 13 3.3593000000000002e-04
54 13 2.6436000000000000e-04
56 13 2.1650000000000000e-04
58 13 1.8710999999999999e-04

1 14 1.6279000000000001e-04
3 14 1.7853000000000001e-04
5 14 2.1900000000000001e-04
7 14 2.7376000000000001e-04
9 14 3.5187000000000000e-04
11 14 4.6061000000000002e-04
13 14 5.8954000000000005e-04
15 14 7.4114999999999999e-04
17 14 9.1529999999999997e-04
19 14 1.1023100000000000e-03
21 14 1.2871800000000000e-03
23 14 1.4517000000000000e-03
25 14 1.6006099999999999e-03
27 14 1.7083900000000000e-03
29 14 1.7592500000000000e-03
31 14 1.7595300000000000e-03
33 14 1.7120499999999999e-03
35 14 1.6053700000000001e-03
37 14 1.4490300000000000e-03
39 14 1.2888299999999999e-03
41 14 1.0988100000000000e-03
43 14 9.1883999999999998e-04
45 14 7.4722000000000005e-04
47 14 5.9071999999999998e-04
49 14 4.6319999999999998e-04
51 14 3.5612000000000003e-04
53 14 2.7575000000000001e-04
55 14 2.1634000000000001e-04
57 14 1.8091000000000000e-04
59 14 1.6393000000000001e-04

0 15 1.7798499999999999e-03
2 15 1.7553000000000000e-03
4 15 1.6591700000000000e-03
6 15 1.5375700000000000e-03
8 15 1.3826600000000000e-03
10 15 1.1953100000000000e-03
12 15 1.0079700000000000e-03
14 15 8.2677000000000000e-04
16 15 6.6189000000000005e-04
18 15 5.1309000000000001e-04
20 15 3.9932999999999999e-04
22 15 3.0787000000000002e-04
24 15 2.3863000000000001e-04
26 15 1.8789999999999999e-04
28 15 1.6291999999999999e-04
30 15 1.5190000000000001e-04
32 15 1.6040000000000000e-04
34 15 1.8902000000000000e-04
36 15 2.3777999999999999e-04
38 15 3.0503000000000003e-04
40 15 4.0065000000000001e-04
42 15 5.1511000000000005e-04
44 15 6.6584999999999995e-04
46 15 8.2830999999999996e-04
48 15 1.0031800000000000e-03
50 15 1.1996999999999999e-03
52 15 1.3852000000000001e-03
54 15 1.5394300000000001e-03
56 15 1.6697200000000000e-03
58 15 1.7524500000000000e-03

1 16 1.7561800000000000e-03
3 16 1.7094600000000001e-03
5 16 1.5993200000000000e-03
7 16 1.4565299999999999e-03
9 16 1.2814500000000000e-03
11 16 1.0955400000000001e-03
13 16 9.2090000000000000e-04
15 16 7.3994999999999996e-04
17 16 5.9206999999999999e-04
19 16 4.6181000000000000e-04
21 16 3.5848999999999999e-04
23 16 2.8247000000000000e-04
25 16 2.1741999999999999e-04
27 16 1.8042000000000001e-04
29 16 1.6243000000000000e-04
31 16 1.6074000000000001e-04
33 16 1.8055000000000000e-04
35 16 2.1864000000000001e-04
37 16 2.7584000000000002e-04
39 16 3.5626000000000001e-04
41 16 4.6296000000000000e-04
43 16 5.8870000000000005e-04
45 16 7.4253999999999998e-04
47 16 9.1609999999999999e-04
49 16 1.1041600000000001e-03
51 16 1.2830700000000001e-03
53 16 1.4578200000000001e-03
55 16 1.6040500000000001e-03
57 16 1.7055300000000000e-03
59 16 1.7581999999999999e-03

0 17 1.7326600000000000e-03
2 17 1.7022000000000001e-03
4 17 1.6242699999999999e-03
6 17 1.5145600000000001e-03
8 17 1.3561599999999999e-03
10 17 1.1847699999999999e-03
12 17 1.0116100000000000e-03
14 17 8.4572000000000000e-04
16 17 6.7790000000000005e-04
18 17 5.4058999999999997e-04
20 17 4.2780999999999998e-04
22 17 3.3618999999999999e-04
24 17 2.6352000000000000e-04
26 17 2.1704000000000000e-04
28 17 1.8729000000000000e-04
30 17 1.7961000000000000e-04
32 17 1.8623000000000001e-04
34 17 2.1607000000000001e-04
36 17 2.6532999999999998e-04
38 17 3.3546999999999998e-04
40 17 4.2996000000000001e-04
42 17 5.4038000000000003e-04
44 17 6.8062999999999999e-04
46 17 8.3299999999999997e-04
48 17 1.0047999999999999e-03
50 17 1.1815500000000000e-03
52 17 1.3561199999999999e-03
54 17 1.5063699999999999e-03
56 17 1.6292600000000000e-03
58 17 1.7019400000000001e-03

1 18 1.6572600000000000e-03
3 18 1.6228799999999999e-03
5 18 1.5207300000000001e-03
7 18 1.3974199999999999e-03
9 18 1.2567399999999999e-03
11 18 1.0971200000000000e-03
13 18 9.3395000000000001e-04
15 18 7.7957999999999999e-04
17 18 6.3670000000000003e-04
19 18 5.1424000000000001e-04
21 18 4.1665000000000002e-04
23 18 3.3106999999999999e-04
25 18 2.7313000000000001e-04
27 18 2.3406999999999999e-04
29 18 2.1498000000000001e-04
31 18 2.1662999999999999e-04
33 18 2.3547999999999999e-04
35 18 2.7669000000000001e-04
37 18 3.3431999999999998e-04
39 18 4.1681999999999998e-04
41 18 5.1754999999999998e-04
43 18 6.4084000000000005e-04
45 18 7.7055999999999999e-04
47 18 9.2643000000000001e-04
49 18 1.0919500000000000e-03
51 18 1.2613100000000001e-03
53 18 1.4019400000000000e-03
55 18 1.5298700000000000e-03
57 18 1.6095400000000000e-03
59 18 1.6633600000000000e-03

0 19 1.6053899999999999e-03
2 19 1.5763500000000000e-03
4 19 1.5213600000000000e-03
6 19 1.4285100000000000e-03
8 19 1.3145300000000000e-03
10 19 1.1717500000000000e-03
12 19 1.0223100000000000e-03
14 19 8.8480999999999998e-04
16 19 7.4414000000000001e-04
18 19 6.1978000000000001e-04
20 19 5.1378999999999997e-04
22 19 4.2874999999999999e-04
24 19 3.5512000000000000e-04
26 19 3.0643000000000001e-04
28 19 2.7345000000000001e-04
30 19 2.6607999999999997e-04
32 19 2.7597000000000000e-04
34 19 3.0550999999999999e-04
36 19 3.5579999999999997e-04
38 19 4.2519999999999998e-04
40 19 5.1404000000000000e-04
42 19 6.2270999999999995e-04
44 19 7.4529999999999996e-04
46 19 8.8396000000000004e-04
48 19 1.0192500000000000e-03
50 19 1.1761499999999999e-03
52 19 1.3030900000000000e-03
54 19 1.4239500000000000e-03
56 19 1.5179900000000001e-03
58 19 1.5769899999999999e-03

1 20 1.5219999999999999e-03
3 20 1.4917999999999999e-03
5 20 1.4232299999999999e-03
7 20 1.3425799999999999e-03
9 20 1.2305199999999999e-03
11 20 1.1132399999999999e-03
13 20 9.9186999999999995e-04
15 20 8.6231999999999997e-04
17 20 7.4549999999999996e-04
19 20 6.3644000000000005e-04
21 20 5.4233999999999999e-04
23 20 4.6178000000000001e-04
25 20 3.9557999999999998e-04
27 20 3.5568999999999998e-04
29 20 3.3278000000000002e-04
31 20 3.3466000000000002e-04
33 20 3.5490000000000001e-04
35 20 3.9905000000000002e-04
37 20 4.5994999999999999e-04
39 20 5.4352999999999997e-04
41 20 6.3433999999999995e-04
43 20 7.4781000000000001e-04
45 20 8.6554999999999998e-04
47 20 9.8509000000000010e-04
49 20 1.1117700000000000e-03
51 20 1.2354499999999999e-03
53 20 1.3378000000000001e-03
55 20 1.4212300000000001e-03
57 20 1.4909800000000000e-03
59 20 1.5184300000000001e-03

0 21 1.4502499999999999e-03
2 21 1.4397600000000000e-03
4 21 1.4065200000000001e-03
6 21 1.3474600000000000e-03
8 21 1.2741700000000000e-03
10 21 1.1912500000000000e-03
12 21 1.0953499999999999e-03
14 21 9.9013000000000009e-04
16 21 8.8407999999999998e-04
18 21 7.7240999999999996e-04
20 21 6.7823999999999998e-04
22 21 5.9431000000000002e-04
24 21 5.1522000000000004e-04
26 21 4.6309999999999998e-04
28 21 4.2447999999999997e-04
30 21 4.1502999999999999e-04
32 21 4.2489999999999997e-04
34 21 4.6072000000000002e-04
36 21 5.1475000000000002e-04
38 21 5.8936999999999998e-04
40 21 6.8369999999999998e-04
42 21 7.7649999999999996e-04
44 21 8.8409000000000003e-04
46 21 9.9389000000000009e-04
48 21 1.0969000000000000e-03
50 21 1.1898799999999999e-03
52 21 1.2763600000000000e-03
54 21 1.3531200000000000e-03
56 21 1.4075299999999999e-03
58 21 1.4406700000000000e-03

1 22 1.3867599999999999e-03
3 22 1.3744000000000000e-03
5 22 1.3501500000000000e-03
7 22 1.3124499999999999e-03
9 22 1.2678699999999999e-03
11 22 1.1915199999999999e-03
13 22 1.1123299999999999e-03
15 22 1.0242599999999999e-03
17 22 9.3504000000000005e-04
19 22 8.3600999999999999e-04
21 22 7.4114999999999999e-04
23 22 6.5609000000000002e-04
25 22 5.9190999999999996e-04
27 22 5.4337000000000005e-04
29 22 5.1672999999999997e-04
31 22 5.1825000000000005e-04
33 22 5.3967999999999996e-04
35 22 5.9002000000000002e-04
37 22 6.6167999999999999e-04
39 22 7.4310000000000001e-04
41 22 8.3849000000000000e-04
43 22 9.2812000000000005e-04
45 22 1.0326300000000001e-03
47 22 1.1052700000000000e-03
49 22 1.1925799999999999e-03
51 22 1.2523499999999999e-03
53 22 1.3108000000000000e-03
55 22 1.3567399999999999e-03
57 22 1.3730999999999999e-03
59 22 1.3924000000000000e-03

0 23 1.3519900000000000e-03
2 23 1.3474100000000001e-03
4 23 1.3498399999999999e-03
6 23 1.3343100000000000e-03
8 23 1.3086100000000000e-03
10 23 1.2763500000000001e-03
12 23 1.2263500000000000e-03
14 23 1.1678999999999999e-03
16 23 1.0958000000000001e-03
18 23 1.0141700000000000e-03
20 23 9.1533999999999995e-04
22 23 8.2927999999999995e-04
24 23 7.4534999999999998e-04
26 23 6.7672000000000001e-04
28 23 6.4119000000000003e-04
30 23 6.2503000000000005e-04
32 23 6.3719999999999998e-04
34 23 6.8125000000000000e-04
36 23 7.4757999999999997e-04
38 23 8.2633000000000001e-04
40 23 9.1383999999999996e-04
42 23 1.0079200000000000e-03
44 23 1.0920100000000000e-03
46 23 1.1765300000000001e-03
48 23 1.2351199999999999e-03
50 23 1.2809900000000001e-03
52 23 1.3135600000000001e-03
54 23 1.3289000000000000e-03
56 23 1.3504400000000001e-03
58 23 1.3484199999999999e-03

1 24 1.3338800000000000e-03
3 24 1.3355699999999999e-03
5 24 1.3395600000000001e-03
7 24 1.3508500000000000e-03
9 24 1.3512400000000001e-03
11 24 1.3319700000000000e-03
13 24 1.3054099999999999e-03
15 24 1.2660400000000000e-03
17 24 1.1884899999999999e-03
19 24 1.1004200000000000e-03
21 24 1.0088899999999999e-03
23 24 9.1531000000000002e-04
25 24 8.3781000000000003e-04
27 24 7.7760999999999998e-04
29 24 7.4047999999999996e-04
31 24 7.4609999999999998e-04
33 24 7.7203999999999999e-04
35 24 8.3321999999999997e-04
37 24 9.1686000000000003e-04
39 24 1.0024400000000001e-03
41 24 1.1027900000000000e-03
43 24 1.1830899999999999e-03
45 24 1.2597600000000000e-03
47 24 1.3050700000000000e-03
49 24 1.3419300000000001e-03
51 24 1.3520299999999999e-03
53 24 1.3516699999999999e-03
55 24 1.3501800000000001e-03
57 24 1.3366000000000001e-03
59 24 1.3222200000000000e-03

0 25 1.3227800000000000e-03
2 25 1.3354599999999999e-03
4 25 1.3532700000000000e-03
6 25 1.3768000000000001e-03
8 25 1.3997100000000000e-03
10 25 1.4242100000000000e-03
12 25 1.4205000000000001e-03
14 25 1.4041200000000000e-03
16 25 1.3610199999999999e-03
18 25 1.2880599999999999e-03
20 25 1.1907700000000001e-03
22 25 1.0998500000000001e-03
24 25 1.0068799999999999e-03
26 25 9.3594999999999995e-04
28 25 8.8115999999999997e-04
30 25 8.6474999999999996e-04
32 25 8.8362000000000000e-04
34 25 9.3289000000000002e-04
36 25 1.0151900000000000e-03
38 25 1.1039800000000001e-03
40 25 1.1940200000000001e-03
42 25 1.2852499999999999e-03
44 25 1.3516100000000001e-03
46 25 1.4022800000000001e-03
48 25 1.4245900000000001e-03
50 25 1.4299300000000000e-03
52 25 1.4044100000000000e-03
54 25 1.3723100000000001e-03
56 25 1.3523800000000000e-03
58 25 1.3374400000000001e-03

1 26 1.3259599999999999e-03
3 26 1.3481800000000000e-03
5 26 1.3838800000000001e-03
7 26 1.4439699999999999e-03
9 26 1.4794000000000001e-03
11 26 1.5128900000000000e-03
13 26 1.5273400000000001e-03
15 26 1.5050899999999999e-03
17 26 1.4536200000000001e-03
19 26 1.3793600000000000e-03
21 26 1.2875100000000000e-03
23 26 1.1837799999999999e-03
25 26 1.1018800000000000e-03
27 26 1.0288500000000000e-03
29 26 9.9073999999999994e-04
31 26 9.9104000000000011e-04
33 26 1.0301500000000001e-03
35 26 1.0927500000000000e-03
37 26 1.1868300000000000e-03
39 26 1.2852100000000000e-03
41 26 1.3806999999999999e-03
43 26 1.4516100000000001e-03
45 26 1.5121600000000000e-03
47 26 1.5298700000000000e-03
49 26 1.5163500000000001e-03
51 26 1.4867700000000001e-03
53 26 1.4408400000000001e-03
55 26 1.3879400000000001e-03
57 26 1.3547100000000001e-03
59 26 1.3298500000000000e-03

0 27 1.3369000000000000e-03
2 27 1.3502600000000000e-03
4 27 1.3936000000000000e-03
6 27 1.4577600000000000e-03
8 27 1.5202000000000000e-03
10 27 1.5848900000000000e-03
12 27 1.6173900000000000e-03
14 27 1.6319399999999999e-03
16 27 1.5962800000000001e-03
18 27 1.5439399999999999e-03
20 27 1.4562799999999999e-03
22 27 1.3550599999999999e-03
24 27 1.2527899999999999e-03
26 27 1.1664300000000000e-03
28 27 1.1198000000000000e-03
30 27 1.0979000000000000e-03
32 27 1.1150500000000000e-03
34 27 1.1766000000000001e-03
36 27 1.2538600000000001e-03
38 27 1.3544099999999999e-03
40 27 1.4532000000000000e-03
42 27 1.5448199999999999e-03
44 27 1.5993299999999999e-03
46 27 1.6271199999999999e-03
48 27 1.6189200000000000e-03
50 27 1.5666600000000001e-03
52 27 1.5211700000000001e-03
54 27 1.4511599999999999e-03
56 27 1.3949900000000000e-03
58 27 1.3492500000000000e-03

1 28 1.3441900000000001e-03
3 28 1.3755400000000000e-03
5 28 1.4423100000000000e-03
7 28 1.5076099999999999e-03
9 28 1.5939699999999999e-03
11 28 1.6665499999999999e-03
13 28 1.7005099999999999e-03
15 28 1.7057900000000000e-03
17 28 1.6704700000000001e-03
19 28 1.5959600000000000e-03
21 28 1.5106099999999999e-03
23 28 1.3986100000000000e-03
25 28 1.3078100000000000e-03
27 28 1.2277300000000000e-03
29 28 1.1952700000000000e-03
31 28 1.1892800000000000e-03
33 28 1.2304900000000001e-03
35 28 1.3098400000000000e-03
37 28 1.4057700000000000e-03
39 28 1.5040699999999999e-03
41 28 1.6036100000000001e-03
43 28 1.6705999999999999e-03
45 28 1.7050300000000000e-03
47 28 1.7078099999999999e-03
49 28 1.6601999999999999e-03
51 28 1.5917500000000001e-03
53 28 1.5205700000000000e-03
55 28 1.4457800000000000e-03
57 28 1.3845100000000000e-03
59 28 1.3469400000000000e-03

0 29 1.3372000000000000e-03
2 29 1.3504999999999999e-03
4 29 1.4070700000000001e-03
6 29 1.4847100000000000e-03
8 29 1.5811099999999999e-03
10 29 1.6671900000000000e-03
12 29 1.7278899999999999e-03
14 29 1.7563900000000000e-03
16 29 1.7625700000000000e-03
18 29 1.7068700000000001e-03
20 29 1.6258900000000001e-03
22 29 1.5225300000000000e-03
24 29 1.4261600000000001e-03
26 29 1.3366800000000000e-03
28 29 1.2733000000000000e-03
30 29 1.2504000000000000e-03
32 29 1.2778700000000000e-03
34 29 1.3360700000000000e-03
36 29 1.4242400000000000e-03
38 29 1.5243300000000000e-03
40 29 1.6298599999999999e-03
42 29 1.7147900000000001e-03
44 29 1.7574600000000000e-03
46 29 1.7610900000000001e-03
48 29 1.7265300000000000e-03
50 29 1.6528800000000000e-03
52 29 1.5693599999999999e-03
54 29 1.4786100000000000e-03
56 29 1.4124400000000000e-03
58 29 1.3498500000000001e-03

