# TCRW Fig 3(j): θ_JDr and θ_Jω of the TOTAL left-wall current  (L = 10, D_r = 10^-3)
# L = 10 (sites = 11)   D_r =  1.0000E-03   seed = 20260424
# columns:  iW  ω  Jx_Dr_tot  Jy_Dr_tot  Jx_om_tot  Jy_om_tot  th_Dr_tot  th_om_tot  Jx_Dr_in  Jy_Dr_in  Jx_om_in  Jy_om_in  th_Dr_in  th_om_in
   1   0.0000           6828          67550          61478         -61470    1.47006   -0.78533             61          60796          57180         -55164    1.56979   -0.76746
   2   0.0500           6827          60550          67469         -60805    1.45852   -0.73349             52          54505          60678         -54416    1.56984   -0.73104
   3   0.1000           6952          53892          67816         -54395    1.44251   -0.67602             65          48522          60993         -48943    1.56946   -0.67622
   4   0.1500           6776          46826          67089         -46748    1.42709   -0.60858             51          42172          60674         -42234    1.56959   -0.60809
   5   0.2000           6832          40102          67609         -40807    1.40205   -0.54304             67          36027          61055         -36883    1.56894   -0.54342
   6   0.2500           6662          33851          67772         -34184    1.37648   -0.46716             56          30492          61004         -31233    1.56896   -0.47319
   7   0.3000           6939          27139          67955         -27173    1.32048   -0.38039             63          24451          61115         -24494    1.56822   -0.38118
   8   0.3500           6856          20101          67102         -19886    1.24209   -0.28811             72          18135          60529         -17874    1.56683   -0.28714
   9   0.4000           6801          13715          67307         -13555    1.11045   -0.19873             52          12276          60495         -12427    1.56656   -0.20260
  10   0.4500           6976           7261          67232          -6812    0.80541   -0.10098             62           6629          60500          -6100    1.56144   -0.10049
  11   0.5000           6776           -121          66819            114   -0.01786    0.00171             60           -274          60060           -145   -1.35522   -0.00241
  12   0.5500           6796          -6972          65866           6662   -0.79818    0.10080             55          -6181          59240           6117   -1.56190    0.10289
  13   0.6000           6807         -13362          67225          13282   -1.09963    0.19506             61         -11902          60329          11974   -1.56567    0.19593
  14   0.6500           6624         -19792          66879          20399   -1.24783    0.29605             65         -18176          60298          18436   -1.56722    0.29672
  15   0.7000           6758         -26984          67859          27117   -1.32540    0.38017             54         -24402          61065          24319   -1.56858    0.37899
  16   0.7500           6719         -34038          67836          33724   -1.37590    0.46136             66         -30541          61095          30450   -1.56864    0.46237
  17   0.8000           6801         -40327          67264          40465   -1.40372    0.54158             67         -36305          60560          36348   -1.56895    0.54057
  18   0.8500           6752         -47062          67839          47404   -1.42830    0.60990             72         -42276          61066          42390   -1.56909    0.60680
  19   0.9000           6666         -53346          67517          54012   -1.44648    0.67473             57         -48014          61056          48622   -1.56961    0.67251
  20   0.9500           6784         -60260          66473          59738   -1.45869    0.73209             58         -54246          59523          53691   -1.56973    0.73393
  21   1.0000           6811         -67445          68955          68958   -1.47015    0.78542             50         -60708          61242          61031   -1.56997    0.78367
