# TCRW Fig 3(c)/(d): per-site left-wall currents  (L = 10, ω = 1)
# T_use = max(T_floor,  120.0*max(L^2,1/D_r)/D_r);  N_burn_use = max(N_burn_floor,   20.0*max(L^2,1/D_r)/D_r)
# L = 10 (sites = 11)   seed = 20260423
# columns:  iD  D_r  y  Jx_Dr  Jy_Dr  Jx_om  Jy_om  |J_Dr|  th_Dr  |J_om|  th_om  T_use  |J_Dr|/T  |J_om|/T
   1   1.00000E-04   0          27238              3              0          38019   2.72380E+04    0.00011   3.80190E+04    1.57080   1.20000E+10   2.26983E-06   3.16825E-06
   1   1.00000E-04   1              2         -27237          38020          10240   2.72370E+04   -1.57072   3.93748E+04    0.26309   1.20000E+10   2.26975E-06   3.28124E-06
   1   1.00000E-04   2              1         -27238          10240           8810   2.72380E+04   -1.57076   1.35083E+04    0.71047   1.20000E+10   2.26983E-06   1.12569E-06
   1   1.00000E-04   3              1         -27240           8812          12991   2.72400E+04   -1.57076   1.56977E+04    0.97477   1.20000E+10   2.27000E-06   1.30814E-06
   1   1.00000E-04   4              2         -27237          12989          20261   2.72370E+04   -1.57072   2.40670E+04    1.00071   1.20000E+10   2.26975E-06   2.00559E-06
   1   1.00000E-04   5              3         -27238          20262          20213   2.72380E+04   -1.57069   2.86202E+04    0.78419   1.20000E+10   2.26983E-06   2.38501E-06
   1   1.00000E-04   6              4         -27235          20212          16254   2.72350E+04   -1.57065   2.59368E+04    0.67728   1.20000E+10   2.26958E-06   2.16140E-06
   1   1.00000E-04   7              2         -27237          16254          14866   2.72370E+04   -1.57072   2.20270E+04    0.74083   1.20000E+10   2.26975E-06   1.83559E-06
   1   1.00000E-04   8              2         -27237          14865          58012   2.72370E+04   -1.57072   5.98862E+04    1.31995   1.20000E+10   2.26975E-06   4.99052E-06
   1   1.00000E-04   9              0         -27237          58013          51780   2.72370E+04   -1.57080   7.77604E+04    0.72869   1.20000E+10   2.26975E-06   6.48003E-06
   1   1.00000E-04  10              2         -27234          51782              0   2.72340E+04   -1.57072   5.17820E+04    0.00000   1.20000E+10   2.26950E-06   4.31517E-06

   2   1.46639E-04   0          18585              4              0          21498   1.85850E+04    0.00022   2.14980E+04    1.57080   5.58060E+09   3.33028E-06   3.85227E-06
   2   1.46639E-04   1              0         -18585          21500          26046   1.85850E+04   -1.57080   3.37734E+04    0.88072   5.58060E+09   3.33028E-06   6.05193E-06
   2   1.46639E-04   2              7         -18581          26046          17224   1.85810E+04   -1.57042   3.12260E+04    0.58427   5.58060E+09   3.32957E-06   5.59544E-06
   2   1.46639E-04   3              4         -18585          17225          16682   1.85850E+04   -1.57058   2.39789E+04    0.76939   5.58060E+09   3.33028E-06   4.29684E-06
   2   1.46639E-04   4              1         -18587          16682          27201   1.85870E+04   -1.57074   3.19090E+04    1.02066   5.58060E+09   3.33064E-06   5.71784E-06
   2   1.46639E-04   5              3         -18581          27196          26023   1.85810E+04   -1.57063   3.76407E+04    0.76336   5.58060E+09   3.32957E-06   6.74491E-06
   2   1.46639E-04   6              5         -18581          26024           5852   1.85810E+04   -1.57053   2.66739E+04    0.22119   5.58060E+09   3.32957E-06   4.77974E-06
   2   1.46639E-04   7              0         -18588           5854           8771   1.85880E+04   -1.57080   1.05451E+04    0.98227   5.58060E+09   3.33082E-06   1.88960E-06
   2   1.46639E-04   8              0         -18586           8770          26288   1.85860E+04   -1.57080   2.77123E+04    1.24879   5.58060E+09   3.33046E-06   4.96582E-06
   2   1.46639E-04   9              1         -18582          26288          14516   1.85820E+04   -1.57074   3.00295E+04    0.50452   5.58060E+09   3.32975E-06   5.38105E-06
   2   1.46639E-04  10              2         -18585          14519              0   1.85850E+04   -1.57069   1.45190E+04    0.00000   5.58060E+09   3.33028E-06   2.60169E-06

   3   2.15030E-04   0          12659              4              0          12339   1.26590E+04    0.00032   1.23390E+04    1.57080   2.59526E+09   4.87773E-06   4.75443E-06
   3   2.15030E-04   1              1         -12658          12341          22563   1.26580E+04   -1.57072   2.57175E+04    1.07029   2.59526E+09   4.87735E-06   9.90940E-06
   3   2.15030E-04   2              5         -12657          22564           7374   1.26570E+04   -1.57040   2.37384E+04    0.31586   2.59526E+09   4.87696E-06   9.14681E-06
   3   2.15030E-04   3              2         -12661           7375           6173   1.26610E+04   -1.57064   9.61751E+03    0.69691   2.59526E+09   4.87851E-06   3.70580E-06
   3   2.15030E-04   4              4         -12659           6170           6140   1.26590E+04   -1.57048   8.70451E+03    0.78296   2.59526E+09   4.87773E-06   3.35400E-06
   3   2.15030E-04   5              2         -12660           6139          14207   1.26600E+04   -1.57064   1.54766E+04    1.16292   2.59526E+09   4.87812E-06   5.96342E-06
   3   2.15030E-04   6              4         -12659          14206           7855   1.26590E+04   -1.57048   1.62330E+04    0.50509   2.59526E+09   4.87773E-06   6.25487E-06
   3   2.15030E-04   7              2         -12659           7856          24064   1.26590E+04   -1.57064   2.53139E+04    1.25524   2.59526E+09   4.87773E-06   9.75388E-06
   3   2.15030E-04   8              5         -12656          24063          25323   1.26560E+04   -1.57040   3.49325E+04    0.81091   2.59526E+09   4.87658E-06   1.34601E-05
   3   2.15030E-04   9              2         -12659          25325          18141   1.26590E+04   -1.57064   3.11521E+04    0.62160   2.59526E+09   4.87773E-06   1.20034E-05
   3   2.15030E-04  10              4         -12659          18140              0   1.26590E+04   -1.57048   1.81400E+04    0.00000   2.59526E+09   4.87773E-06   6.98966E-06

   4   3.15319E-04   0           8626              4              0           1589   8.62600E+03    0.00046   1.58900E+03    1.57080   1.20693E+09   7.14707E-06   1.31657E-06
   4   3.15319E-04   1              1          -8628           1592           2707   8.62800E+03   -1.57068   3.14043E+03    1.03917   1.20693E+09   7.14873E-06   2.60201E-06
   4   3.15319E-04   2              3          -8622           2705          13556   8.62200E+03   -1.57045   1.38232E+04    1.37384   1.20693E+09   7.14376E-06   1.14533E-05
   4   3.15319E-04   3              3          -8618          13555          13501   8.61800E+03   -1.57045   1.91315E+04    0.78340   1.20693E+09   7.14044E-06   1.58514E-05
   4   3.15319E-04   4              2          -8620          13503           6261   8.62000E+03   -1.57056   1.48839E+04    0.43417   1.20693E+09   7.14210E-06   1.23321E-05
   4   3.15319E-04   5              2          -8618           6259           8705   8.61800E+03   -1.57056   1.07216E+04    0.94742   1.20693E+09   7.14044E-06   8.88336E-06
   4   3.15319E-04   6              3          -8620           8708           9997   8.62000E+03   -1.57045   1.32578E+04    0.85420   1.20693E+09   7.14210E-06   1.09848E-05
   4   3.15319E-04   7              5          -8616           9995           8225   8.61600E+03   -1.57022   1.29441E+04    0.68856   1.20693E+09   7.13879E-06   1.07249E-05
   4   3.15319E-04   8              1          -8620           8226           4293   8.62000E+03   -1.57068   9.27884E+03    0.48100   1.20693E+09   7.14210E-06   7.68799E-06
   4   3.15319E-04   9              2          -8617           4292          10259   8.61700E+03   -1.57056   1.11206E+04    1.17456   1.20693E+09   7.13962E-06   9.21400E-06
   4   3.15319E-04  10              5          -8620          10259              0   8.62000E+03   -1.57022   1.02590E+04    0.00000   1.20693E+09   7.14210E-06   8.50010E-06

   5   4.62381E-04   0           5872              0              0           1786   5.87200E+03    0.00000   1.78600E+03    1.57080   5.61282E+08   1.04618E-05   3.18200E-06
   5   4.62381E-04   1              1          -5870           1785           3094   5.87000E+03   -1.57063   3.57198E+03    1.04752   5.61282E+08   1.04582E-05   6.36397E-06
   5   4.62381E-04   2              1          -5869           3095           6441   5.86900E+03   -1.57063   7.14601E+03    1.12286   5.61282E+08   1.04564E-05   1.27316E-05
   5   4.62381E-04   3              3          -5866           6441           6098   5.86600E+03   -1.57028   8.86973E+03    0.75805   5.61282E+08   1.04511E-05   1.58026E-05
   5   4.62381E-04   4              1          -5865           6096           6702   5.86500E+03   -1.57063   9.05969E+03    0.83271   5.61282E+08   1.04493E-05   1.61411E-05
   5   4.62381E-04   5              5          -5863           6703           4510   5.86300E+03   -1.56994   8.07900E+03    0.59226   5.61282E+08   1.04457E-05   1.43938E-05
   5   4.62381E-04   6              3          -5865           4508           7536   5.86500E+03   -1.57028   8.78142E+03    1.03170   5.61282E+08   1.04493E-05   1.56453E-05
   5   4.62381E-04   7              4          -5861           7532           8418   5.86100E+03   -1.57011   1.12957E+04    0.84089   5.61282E+08   1.04422E-05   2.01249E-05
   5   4.62381E-04   8              1          -5863           8420           6028   5.86300E+03   -1.57063   1.03553E+04    0.62133   5.61282E+08   1.04457E-05   1.84494E-05
   5   4.62381E-04   9              2          -5862           6032           1702   5.86200E+03   -1.57046   6.26752E+03    0.27501   5.61282E+08   1.04439E-05   1.11664E-05
   5   4.62381E-04  10              3          -5864           1703              0   5.86400E+03   -1.57028   1.70300E+03    0.00000   5.61282E+08   1.04475E-05   3.03412E-06

   6   6.78032E-04   0           3988              4              0           5340   3.98800E+03    0.00100   5.34000E+03    1.57080   2.61024E+08   1.52783E-05   2.04579E-05
   6   6.78032E-04   1              2          -3982           5340           5064   3.98200E+03   -1.57029   7.35933E+03    0.75888   2.61024E+08   1.52553E-05   2.81940E-05
   6   6.78032E-04   2              1          -3982           5066           4694   3.98200E+03   -1.57055   6.90637E+03    0.74730   2.61024E+08   1.52553E-05   2.64587E-05
   6   6.78032E-04   3              3          -3980           4694           2212   3.98000E+03   -1.57004   5.18908E+03    0.44038   2.61024E+08   1.52476E-05   1.98797E-05
   6   6.78032E-04   4              0          -3981           2214           5168   3.98100E+03   -1.57080   5.62228E+03    1.16604   2.61024E+08   1.52514E-05   2.15393E-05
   6   6.78032E-04   5              6          -3976           5166           2228   3.97600E+03   -1.56929   5.62597E+03    0.40718   2.61024E+08   1.52323E-05   2.15534E-05
   6   6.78032E-04   6              1          -3980           2230           2319   3.98000E+03   -1.57055   3.21724E+03    0.80496   2.61024E+08   1.52476E-05   1.23255E-05
   6   6.78032E-04   7              4          -3974           2318           4204   3.97400E+03   -1.56979   4.80070E+03    1.06689   2.61024E+08   1.52246E-05   1.83918E-05
   6   6.78032E-04   8              3          -3976           4203           4647   3.97600E+03   -1.57004   6.26577E+03    0.83553   2.61024E+08   1.52323E-05   2.40045E-05
   6   6.78032E-04   9              5          -3976           4646           3742   3.97600E+03   -1.56954   5.96556E+03    0.67804   2.61024E+08   1.52323E-05   2.28544E-05
   6   6.78032E-04  10              3          -3981           3743              0   3.98100E+03   -1.57004   3.74300E+03    0.00000   2.61024E+08   1.52514E-05   1.43397E-05

   7   9.94260E-04   0           2699              6              0           4186   2.69901E+03    0.00222   4.18600E+03    1.57080   1.21390E+08   2.22343E-05   3.44840E-05
   7   9.94260E-04   1              3          -2701           4191           3525   2.70100E+03   -1.56969   5.47632E+03    0.69930   1.21390E+08   2.22507E-05   4.51136E-05
   7   9.94260E-04   2              2          -2702           3524           4727   2.70200E+03   -1.57006   5.89602E+03    0.93018   1.21390E+08   2.22589E-05   4.85711E-05
   7   9.94260E-04   3              5          -2699           4725           5168   2.69900E+03   -1.56894   7.00242E+03    0.83015   1.21390E+08   2.22342E-05   5.76855E-05
   7   9.94260E-04   4              2          -2703           5170           2913   2.70300E+03   -1.57006   5.93418E+03    0.51311   1.21390E+08   2.22672E-05   4.88854E-05
   7   9.94260E-04   5              2          -2698           2910           2417   2.69800E+03   -1.57006   3.78285E+03    0.69311   1.21390E+08   2.22260E-05   3.11629E-05
   7   9.94260E-04   6              3          -2703           2421            545   2.70300E+03   -1.56969   2.48159E+03    0.22142   1.21390E+08   2.22672E-05   2.04432E-05
   7   9.94260E-04   7              1          -2706            546           2214   2.70600E+03   -1.57043   2.28033E+03    1.32901   1.21390E+08   2.22919E-05   1.87852E-05
   7   9.94260E-04   8              4          -2703           2213           3814   2.70300E+03   -1.56932   4.40953E+03    1.04504   1.21390E+08   2.22672E-05   3.63255E-05
   7   9.94260E-04   9              4          -2698           3812           3851   2.69800E+03   -1.56931   5.41863E+03    0.79049   1.21390E+08   2.22260E-05   4.46384E-05
   7   9.94260E-04  10              3          -2703           3850              0   2.70300E+03   -1.56969   3.85000E+03    0.00000   1.21390E+08   2.22672E-05   3.17161E-05

   8   1.45797E-03   0           3268              7              0           3883   3.26801E+03    0.00214   3.88300E+03    1.57080   1.00000E+08   3.26801E-05   3.88300E-05
   8   1.45797E-03   1              0          -3266           3887           3214   3.26600E+03   -1.57080   5.04367E+03    0.69091   1.00000E+08   3.26600E-05   5.04367E-05
   8   1.45797E-03   2              4          -3258           3210           4784   3.25800E+03   -1.56957   5.76114E+03    0.97981   1.00000E+08   3.25800E-05   5.76114E-05
   8   1.45797E-03   3              5          -3259           4786           4370   3.25900E+03   -1.56926   6.48095E+03    0.73999   1.00000E+08   3.25900E-05   6.48095E-05
   8   1.45797E-03   4              8          -3257           4370           3191   3.25701E+03   -1.56834   5.41104E+03    0.63071   1.00000E+08   3.25701E-05   5.41104E-05
   8   1.45797E-03   5              4          -3260           3192           4220   3.26000E+03   -1.56957   5.29124E+03    0.92321   1.00000E+08   3.26000E-05   5.29124E-05
   8   1.45797E-03   6              5          -3260           4218           5000   3.26000E+03   -1.56926   6.54152E+03    0.87003   1.00000E+08   3.26000E-05   6.54152E-05
   8   1.45797E-03   7              3          -3261           5003           2976   3.26100E+03   -1.56988   5.82122E+03    0.53662   1.00000E+08   3.26100E-05   5.82122E-05
   8   1.45797E-03   8              4          -3259           2977           2137   3.25900E+03   -1.56957   3.66460E+03    0.62260   1.00000E+08   3.25900E-05   3.66460E-05
   8   1.45797E-03   9              4          -3259           2138           2414   3.25900E+03   -1.56957   3.22466E+03    0.84596   1.00000E+08   3.25900E-05   3.22466E-05
   8   1.45797E-03  10              5          -3260           2413              0   3.26000E+03   -1.56926   2.41300E+03    0.00000   1.00000E+08   3.26000E-05   2.41300E-05

   9   2.13796E-03   0           4736             12              0           4987   4.73602E+03    0.00253   4.98700E+03    1.57080   1.00000E+08   4.73602E-05   4.98700E-05
   9   2.13796E-03   1              6          -4719           4979           4170   4.71900E+03   -1.56952   6.49456E+03    0.69720   1.00000E+08   4.71900E-05   6.49456E-05
   9   2.13796E-03   2              5          -4731           4185           4308   4.73100E+03   -1.56974   6.00609E+03    0.79988   1.00000E+08   4.73100E-05   6.00609E-05
   9   2.13796E-03   3             11          -4723           4301           6936   4.72301E+03   -1.56847   8.16129E+03    1.01573   1.00000E+08   4.72301E-05   8.16129E-05
   9   2.13796E-03   4             11          -4723           6936           7034   4.72301E+03   -1.56847   9.87852E+03    0.79241   1.00000E+08   4.72301E-05   9.87852E-05
   9   2.13796E-03   5             11          -4727           7035           5788   4.72701E+03   -1.56847   9.11000E+03    0.68846   1.00000E+08   4.72701E-05   9.11000E-05
   9   2.13796E-03   6              9          -4720           5788           4919   4.72001E+03   -1.56889   7.59589E+03    0.70441   1.00000E+08   4.72001E-05   7.59589E-05
   9   2.13796E-03   7              8          -4722           4922           4350   4.72201E+03   -1.56910   6.56876E+03    0.72379   1.00000E+08   4.72201E-05   6.56876E-05
   9   2.13796E-03   8             13          -4714           4346           4677   4.71402E+03   -1.56804   6.38452E+03    0.82207   1.00000E+08   4.71402E-05   6.38452E-05
   9   2.13796E-03   9             10          -4720           4680           3185   4.72001E+03   -1.56868   5.66097E+03    0.59756   1.00000E+08   4.72001E-05   5.66097E-05
   9   2.13796E-03  10              5          -4730           3182              0   4.73000E+03   -1.56974   3.18200E+03    0.00000   1.00000E+08   4.73000E-05   3.18200E-05

  10   3.13509E-03   0           6882             17              0           7149   6.88202E+03    0.00247   7.14900E+03    1.57080   1.00000E+08   6.88202E-05   7.14900E-05
  10   3.13509E-03   1             28          -6854           7142           6063   6.85406E+03   -1.56671   9.36846E+03    0.70387   1.00000E+08   6.85406E-05   9.36846E-05
  10   3.13509E-03   2             18          -6863           6063           6501   6.86302E+03   -1.56817   8.88949E+03    0.82025   1.00000E+08   6.86302E-05   8.88949E-05
  10   3.13509E-03   3             20          -6867           6508           7045   6.86703E+03   -1.56788   9.59094E+03    0.82500   1.00000E+08   6.86703E-05   9.59094E-05
  10   3.13509E-03   4             24          -6868           7043           7073   6.86804E+03   -1.56730   9.98154E+03    0.78752   1.00000E+08   6.86804E-05   9.98154E-05
  10   3.13509E-03   5             15          -6873           7075           5399   6.87302E+03   -1.56861   8.89971E+03    0.65184   1.00000E+08   6.87302E-05   8.89971E-05
  10   3.13509E-03   6             18          -6866           5397           8482   6.86602E+03   -1.56817   1.00535E+04    1.00412   1.00000E+08   6.86602E-05   1.00535E-04
  10   3.13509E-03   7             27          -6852           8474           7505   6.85205E+03   -1.56686   1.13196E+04    0.72483   1.00000E+08   6.85205E-05   1.13196E-04
  10   3.13509E-03   8             23          -6859           7507           7501   6.85904E+03   -1.56744   1.06123E+04    0.78500   1.00000E+08   6.85904E-05   1.06123E-04
  10   3.13509E-03   9             22          -6863           7505           6916   6.86304E+03   -1.56759   1.02057E+04    0.74458   1.00000E+08   6.86304E-05   1.02057E-04
  10   3.13509E-03  10             14          -6885           6920              0   6.88501E+03   -1.56876   6.92000E+03    0.00000   1.00000E+08   6.88501E-05   6.92000E-05

  11   4.59727E-03   0           9938             51              0           8935   9.93813E+03    0.00513   8.93500E+03    1.57080   1.00000E+08   9.93813E-05   8.93500E-05
  11   4.59727E-03   1             32          -9904           8945           9818   9.90405E+03   -1.56757   1.32818E+04    0.83189   1.00000E+08   9.90405E-05   1.32818E-04
  11   4.59727E-03   2             39          -9875           9799           9298   9.87508E+03   -1.56685   1.35083E+04    0.75917   1.00000E+08   9.87508E-05   1.35083E-04
  11   4.59727E-03   3             44          -9877           9299           9670   9.87710E+03   -1.56634   1.34157E+04    0.80495   1.00000E+08   9.87710E-05   1.34157E-04
  11   4.59727E-03   4             56          -9887           9689           9294   9.88716E+03   -1.56513   1.34259E+04    0.76459   1.00000E+08   9.88716E-05   1.34259E-04
  11   4.59727E-03   5             36          -9883           9293           9923   9.88307E+03   -1.56715   1.35951E+04    0.81817   1.00000E+08   9.88307E-05   1.35951E-04
  11   4.59727E-03   6             48          -9853           9899          10675   9.85312E+03   -1.56592   1.45584E+04    0.82310   1.00000E+08   9.85312E-05   1.45584E-04
  11   4.59727E-03   7             42          -9867          10689          11065   9.86709E+03   -1.56654   1.53847E+04    0.80268   1.00000E+08   9.86709E-05   1.53847E-04
  11   4.59727E-03   8             48          -9854          11059          10046   9.85412E+03   -1.56593   1.49407E+04    0.73744   1.00000E+08   9.85412E-05   1.49407E-04
  11   4.59727E-03   9             37          -9861          10057          11463   9.86107E+03   -1.56704   1.52494E+04    0.85064   1.00000E+08   9.86107E-05   1.52494E-04
  11   4.59727E-03  10             52          -9907          11459              0   9.90714E+03   -1.56555   1.14590E+04    0.00000   1.00000E+08   9.90714E-05   1.14590E-04

  12   6.74140E-03   0          14246            107              0          14390   1.42464E+04    0.00751   1.43900E+04    1.57080   1.00000E+08   1.42464E-04   1.43900E-04
  12   6.74140E-03   1             99         -14147          14393          15244   1.41473E+04   -1.56380   2.09652E+04    0.81410   1.00000E+08   1.41473E-04   2.09652E-04
  12   6.74140E-03   2            120         -14136          15243          13507   1.41365E+04   -1.56231   2.03663E+04    0.72509   1.00000E+08   1.41365E-04   2.03663E-04
  12   6.74140E-03   3             97         -14165          13529          12803   1.41653E+04   -1.56395   1.86266E+04    0.75783   1.00000E+08   1.41653E-04   1.86266E-04
  12   6.74140E-03   4             88         -14156          12786          15283   1.41563E+04   -1.56458   1.99262E+04    0.87412   1.00000E+08   1.41563E-04   1.99262E-04
  12   6.74140E-03   5             97         -14142          15282          14208   1.41423E+04   -1.56394   2.08664E+04    0.74900   1.00000E+08   1.41423E-04   2.08664E-04
  12   6.74140E-03   6             95         -14137          14211          14484   1.41373E+04   -1.56408   2.02913E+04    0.79491   1.00000E+08   1.41373E-04   2.02913E-04
  12   6.74140E-03   7            107         -14131          14480          13065   1.41314E+04   -1.56322   1.95029E+04    0.73407   1.00000E+08   1.41314E-04   1.95029E-04
  12   6.74140E-03   8             98         -14148          13067          14713   1.41483E+04   -1.56387   1.96779E+04    0.84458   1.00000E+08   1.41483E-04   1.96779E-04
  12   6.74140E-03   9             83         -14153          14708          13918   1.41532E+04   -1.56493   2.02493E+04    0.75781   1.00000E+08   1.41532E-04   2.02493E-04
  12   6.74140E-03  10             98         -14223          13933              0   1.42233E+04   -1.56391   1.39330E+04    0.00000   1.00000E+08   1.42233E-04   1.39330E-04

  13   9.88553E-03   0          20313            212              0          21982   2.03141E+04    0.01044   2.19820E+04    1.57080   1.00000E+08   2.03141E-04   2.19820E-04
  13   9.88553E-03   1            220         -20093          21973          19608   2.00942E+04   -1.55985   2.94497E+04    0.72858   1.00000E+08   2.00942E-04   2.94497E-04
  13   9.88553E-03   2            176         -20143          19640          20711   2.01438E+04   -1.56206   2.85425E+04    0.81193   1.00000E+08   2.01438E-04   2.85425E-04
  13   9.88553E-03   3            215         -20110          20700          20642   2.01111E+04   -1.56011   2.92332E+04    0.78400   1.00000E+08   2.01111E-04   2.92332E-04
  13   9.88553E-03   4            222         -20103          20639          20921   2.01042E+04   -1.55975   2.93880E+04    0.79218   1.00000E+08   2.01042E-04   2.93880E-04
  13   9.88553E-03   5            190         -20155          20940          19056   2.01559E+04   -1.56137   2.83128E+04    0.73833   1.00000E+08   2.01559E-04   2.83128E-04
  13   9.88553E-03   6            204         -20150          19045          18130   2.01510E+04   -1.56067   2.62947E+04    0.76079   1.00000E+08   2.01510E-04   2.62947E-04
  13   9.88553E-03   7            164         -20161          18146          17523   2.01617E+04   -1.56266   2.52256E+04    0.76793   1.00000E+08   2.01617E-04   2.52256E-04
  13   9.88553E-03   8            202         -20120          17518          18515   2.01210E+04   -1.56076   2.54889E+04    0.81306   1.00000E+08   2.01210E-04   2.54889E-04
  13   9.88553E-03   9            198         -20106          18502          18430   2.01070E+04   -1.56095   2.61149E+04    0.78345   1.00000E+08   2.01070E-04   2.61149E-04
  13   9.88553E-03  10            181         -20324          18437              0   2.03248E+04   -1.56189   1.84370E+04    0.00000   1.00000E+08   2.03248E-04   1.84370E-04

  14   1.44961E-02   0          28321            387              0          26963   2.83236E+04    0.01366   2.69630E+04    1.57080   1.00000E+08   2.83236E-04   2.69630E-04
  14   1.44961E-02   1            426         -27890          26941          27940   2.78933E+04   -1.55552   3.88132E+04    0.80360   1.00000E+08   2.78933E-04   3.88132E-04
  14   1.44961E-02   2            383         -27894          27939          28752   2.78966E+04   -1.55707   4.00907E+04    0.79974   1.00000E+08   2.78966E-04   4.00907E-04
  14   1.44961E-02   3            377         -27863          28737          27858   2.78656E+04   -1.55727   4.00235E+04    0.76987   1.00000E+08   2.78656E-04   4.00235E-04
  14   1.44961E-02   4            446         -27781          27847          28648   2.77846E+04   -1.55474   3.99520E+04    0.79958   1.00000E+08   2.77846E-04   3.99520E-04
  14   1.44961E-02   5            428         -27843          28686          26741   2.78463E+04   -1.55543   3.92169E+04    0.75032   1.00000E+08   2.78463E-04   3.92169E-04
  14   1.44961E-02   6            410         -27828          26719          27412   2.78310E+04   -1.55606   3.82795E+04    0.79820   1.00000E+08   2.78310E-04   3.82795E-04
  14   1.44961E-02   7            419         -27844          27434          27839   2.78472E+04   -1.55575   3.90850E+04    0.79273   1.00000E+08   2.78472E-04   3.90850E-04
  14   1.44961E-02   8            379         -27872          27860          27536   2.78746E+04   -1.55720   3.91716E+04    0.77955   1.00000E+08   2.78746E-04   3.91716E-04
  14   1.44961E-02   9            411         -27808          27477          27769   2.78110E+04   -1.55602   3.90654E+04    0.79068   1.00000E+08   2.78110E-04   3.90654E-04
  14   1.44961E-02  10            402         -28235          27776              0   2.82379E+04   -1.55656   2.77760E+04    0.00000   1.00000E+08   2.82379E-04   2.77760E-04

  15   2.12569E-02   0          38854            812              0          37090   3.88625E+04    0.02090   3.70900E+04    1.57080   1.00000E+08   3.88625E-04   3.70900E-04
  15   2.12569E-02   1            845         -38033          37092          36510   3.80424E+04   -1.54858   5.20461E+04    0.77749   1.00000E+08   3.80424E-04   5.20461E-04
  15   2.12569E-02   2            801         -38058          36507          37710   3.80664E+04   -1.54975   5.24862E+04    0.80161   1.00000E+08   3.80664E-04   5.24862E-04
  15   2.12569E-02   3            845         -38009          37679          38444   3.80184E+04   -1.54857   5.38298E+04    0.79545   1.00000E+08   3.80184E-04   5.38298E-04
  15   2.12569E-02   4            795         -38026          38443          39380   3.80343E+04   -1.54989   5.50332E+04    0.79744   1.00000E+08   3.80343E-04   5.50332E-04
  15   2.12569E-02   5            841         -38015          39366          38048   3.80243E+04   -1.54868   5.47479E+04    0.76837   1.00000E+08   3.80243E-04   5.47479E-04
  15   2.12569E-02   6            832         -38061          38107          36396   3.80701E+04   -1.54894   5.26955E+04    0.76244   1.00000E+08   3.80701E-04   5.26955E-04
  15   2.12569E-02   7            823         -38060          36347          38982   3.80689E+04   -1.54918   5.32982E+04    0.82036   1.00000E+08   3.80689E-04   5.32982E-04
  15   2.12569E-02   8            807         -38082          38976          39604   3.80905E+04   -1.54961   5.55662E+04    0.79339   1.00000E+08   3.80905E-04   5.55662E-04
  15   2.12569E-02   9            826         -38000          39572          39807   3.80090E+04   -1.54906   5.61297E+04    0.78836   1.00000E+08   3.80090E-04   5.61297E-04
  15   2.12569E-02  10            866         -38848          39833              0   3.88577E+04   -1.54851   3.98330E+04    0.00000   1.00000E+08   3.88577E-04   3.98330E-04

  16   3.11709E-02   0          52410           1648              0          51585   5.24359E+04    0.03143   5.15850E+04    1.57080   1.00000E+08   5.24359E-04   5.15850E-04
  16   3.11709E-02   1           1718         -50729          51549          51179   5.07581E+04   -1.53694   7.26401E+04    0.78180   1.00000E+08   5.07581E-04   7.26401E-04
  16   3.11709E-02   2           1635         -50694          51152          50890   5.07204E+04   -1.53856   7.21548E+04    0.78283   1.00000E+08   5.07204E-04   7.21548E-04
  16   3.11709E-02   3           1631         -50732          50938          51051   5.07582E+04   -1.53866   7.21172E+04    0.78651   1.00000E+08   5.07582E-04   7.21172E-04
  16   3.11709E-02   4           1657         -50684          51034          51347   5.07111E+04   -1.53812   7.23946E+04    0.78846   1.00000E+08   5.07111E-04   7.23946E-04
  16   3.11709E-02   5           1591         -50825          51386          49398   5.08499E+04   -1.53950   7.12789E+04    0.76568   1.00000E+08   5.08499E-04   7.12789E-04
  16   3.11709E-02   6           1541         -50970          49496          49394   5.09933E+04   -1.54057   6.99258E+04    0.78437   1.00000E+08   5.09933E-04   6.99258E-04
  16   3.11709E-02   7           1638         -50803          49360          52351   5.08294E+04   -1.53857   7.19516E+04    0.81480   1.00000E+08   5.08294E-04   7.19516E-04
  16   3.11709E-02   8           1715         -50690          52242          50914   5.07190E+04   -1.53698   7.29484E+04    0.77253   1.00000E+08   5.07190E-04   7.29484E-04
  16   3.11709E-02   9           1623         -50767          50950          50131   5.07929E+04   -1.53884   7.14774E+04    0.77730   1.00000E+08   5.07929E-04   7.14774E-04
  16   3.11709E-02  10           1641         -52359          50151              0   5.23847E+04   -1.53947   5.01510E+04    0.00000   1.00000E+08   5.23847E-04   5.01510E-04

  17   4.57088E-02   0          67993           3117              0          64595   6.80644E+04    0.04581   6.45950E+04    1.57080   1.00000E+08   6.80644E-04   6.45950E-04
  17   4.57088E-02   1           3087         -64819          64622          66337   6.48925E+04   -1.52321   9.26099E+04    0.79849   1.00000E+08   6.48925E-04   9.26099E-04
  17   4.57088E-02   2           3187         -64742          66273          65238   6.48204E+04   -1.52161   9.29952E+04    0.77753   1.00000E+08   6.48204E-04   9.29952E-04
  17   4.57088E-02   3           3199         -64911          65353          63624   6.49898E+04   -1.52155   9.12087E+04    0.77199   1.00000E+08   6.49898E-04   9.12087E-04
  17   4.57088E-02   4           3059         -65071          63645          62865   6.51429E+04   -1.52382   8.94578E+04    0.77923   1.00000E+08   6.51429E-04   8.94578E-04
  17   4.57088E-02   5           3016         -65010          62818          65215   6.50799E+04   -1.52444   9.05489E+04    0.80412   1.00000E+08   6.50799E-04   9.05489E-04
  17   4.57088E-02   6           3163         -64816          65088          65515   6.48931E+04   -1.52204   9.23508E+04    0.78867   1.00000E+08   6.48931E-04   9.23508E-04
  17   4.57088E-02   7           3187         -64945          65576          65661   6.50231E+04   -1.52176   9.27986E+04    0.78605   1.00000E+08   6.50231E-04   9.27986E-04
  17   4.57088E-02   8           3154         -64908          65547          66187   6.49846E+04   -1.52224   9.31511E+04    0.79026   1.00000E+08   6.49846E-04   9.31511E-04
  17   4.57088E-02   9           3118         -64887          66257          66579   6.49619E+04   -1.52278   9.39295E+04    0.78782   1.00000E+08   6.49619E-04   9.39295E-04
  17   4.57088E-02  10           3138         -68159          66568              0   6.82312E+04   -1.52479   6.65680E+04    0.00000   1.00000E+08   6.82312E-04   6.65680E-04

  18   6.70270E-02   0          85056           5734              0          79933   8.52491E+04    0.06731   7.99330E+04    1.57080   1.00000E+08   8.52491E-04   7.99330E-04
  18   6.70270E-02   1           5730         -79351          79998          79184   7.95576E+04   -1.49871   1.12560E+05    0.78028   1.00000E+08   7.95576E-04   1.12560E-03
  18   6.70270E-02   2           5606         -79344          79174          79250   7.95418E+04   -1.50026   1.12023E+05    0.78588   1.00000E+08   7.95418E-04   1.12023E-03
  18   6.70270E-02   3           5718         -79139          79267          79820   7.93453E+04   -1.49867   1.12492E+05    0.78887   1.00000E+08   7.93453E-04   1.12492E-03
  18   6.70270E-02   4           5703         -79132          79846          79842   7.93372E+04   -1.49885   1.12916E+05    0.78537   1.00000E+08   7.93372E-04   1.12916E-03
  18   6.70270E-02   5           5802         -79082          79810          80782   7.92946E+04   -1.49756   1.13558E+05    0.79145   1.00000E+08   7.92946E-04   1.13558E-03
  18   6.70270E-02   6           5855         -79141          80636          80412   7.93573E+04   -1.49695   1.13878E+05    0.78401   1.00000E+08   7.93573E-04   1.13878E-03
  18   6.70270E-02   7           5719         -79172          80392          80267   7.93783E+04   -1.49869   1.13603E+05    0.78462   1.00000E+08   7.93783E-04   1.13603E-03
  18   6.70270E-02   8           5718         -79195          80306          80445   7.94012E+04   -1.49872   1.13668E+05    0.78626   1.00000E+08   7.94012E-04   1.13668E-03
  18   6.70270E-02   9           5697         -79258          80488          79713   7.94625E+04   -1.49904   1.13281E+05    0.78056   1.00000E+08   7.94625E-04   1.13281E-03
  18   6.70270E-02  10           5705         -84850          79651              0   8.50416E+04   -1.50366   7.96510E+04    0.00000   1.00000E+08   8.50416E-04   7.96510E-04

  19   9.82879E-02   0         101581          10115              0          91310   1.02083E+05    0.09925   9.13100E+04    1.57080   1.00000E+08   1.02083E-03   9.13100E-04
  19   9.82879E-02   1          10028         -91652          91369          91941   9.21990E+04   -1.46182   1.29620E+05    0.78852   1.00000E+08   9.21990E-04   1.29620E-03
  19   9.82879E-02   2           9857         -91664          91840          91689   9.21925E+04   -1.46367   1.29775E+05    0.78458   1.00000E+08   9.21925E-04   1.29775E-03
  19   9.82879E-02   3          10158         -91443          91719          91801   9.20055E+04   -1.46016   1.29768E+05    0.78584   1.00000E+08   9.20055E-04   1.29768E-03
  19   9.82879E-02   4           9952         -91613          91826          92421   9.21520E+04   -1.46259   1.30283E+05    0.78863   1.00000E+08   9.21520E-04   1.30283E-03
  19   9.82879E-02   5          10049         -91468          92417          92552   9.20184E+04   -1.46137   1.30793E+05    0.78613   1.00000E+08   9.20184E-04   1.30793E-03
  19   9.82879E-02   6           9953         -91656          92612          91246   9.21948E+04   -1.46263   1.30011E+05    0.77797   1.00000E+08   9.21948E-04   1.30011E-03
  19   9.82879E-02   7           9959         -91883          91340          92062   9.24211E+04   -1.46283   1.29686E+05    0.78933   1.00000E+08   9.24211E-04   1.29686E-03
  19   9.82879E-02   8           9875         -91737          91961          92655   9.22670E+04   -1.46356   1.30544E+05    0.78916   1.00000E+08   9.22670E-04   1.30544E-03
  19   9.82879E-02   9          10129         -91587          92700          92211   9.21454E+04   -1.46065   1.30752E+05    0.78275   1.00000E+08   9.21454E-04   1.30752E-03
  19   9.82879E-02  10          10006        -101660          92132              0   1.02151E+05   -1.47269   9.21320E+04    0.00000   1.00000E+08   1.02151E-03   9.21320E-04

  20   1.44129E-01   0         114730          16409              0          97356   1.15897E+05    0.14206   9.73560E+04    1.57080   1.00000E+08   1.15897E-03   9.73560E-04
  20   1.44129E-01   1          16645         -98217          97495          97813   9.96174E+04   -1.40292   1.38104E+05    0.78703   1.00000E+08   9.96174E-04   1.38104E-03
  20   1.44129E-01   2          16620         -98392          97634          98400   9.97858E+04   -1.40346   1.38618E+05    0.78931   1.00000E+08   9.97858E-04   1.38618E-03
  20   1.44129E-01   3          16741         -98436          98432          98378   9.98494E+04   -1.40234   1.39166E+05    0.78512   1.00000E+08   9.98494E-04   1.39166E-03
  20   1.44129E-01   4          16268         -98398          98184          98851   9.97337E+04   -1.40695   1.39326E+05    0.78878   1.00000E+08   9.97337E-04   1.39326E-03
  20   1.44129E-01   5          16922         -97818          98772          98335   9.92709E+04   -1.39950   1.39376E+05    0.78318   1.00000E+08   9.92709E-04   1.39376E-03
  20   1.44129E-01   6          16500         -98489          98368          98753   9.98616E+04   -1.40481   1.39386E+05    0.78735   1.00000E+08   9.98616E-04   1.39386E-03
  20   1.44129E-01   7          17081         -98218          98891          98424   9.96922E+04   -1.39861   1.39523E+05    0.78303   1.00000E+08   9.96922E-04   1.39523E-03
  20   1.44129E-01   8          16618         -98352          98163          97983   9.97460E+04   -1.40341   1.38696E+05    0.78448   1.00000E+08   9.97460E-04   1.38696E-03
  20   1.44129E-01   9          16492         -98301          97769          98886   9.96748E+04   -1.40457   1.39058E+05    0.79108   1.00000E+08   9.96748E-04   1.39058E-03
  20   1.44129E-01  10          16644        -114670          99081              0   1.15872E+05   -1.42666   9.90810E+04    0.00000   1.00000E+08   1.15872E-03   9.90810E-04

  21   2.11349E-01   0         121800          25791              0          96774   1.24501E+05    0.20867   9.67740E+04    1.57080   1.00000E+08   1.24501E-03   9.67740E-04
  21   2.11349E-01   1          25768         -95872          96577          95306   9.92745E+04   -1.30823   1.35685E+05    0.77877   1.00000E+08   9.92745E-04   1.35685E-03
  21   2.11349E-01   2          25647         -96192          95465          96350   9.95523E+04   -1.31023   1.35635E+05    0.79001   1.00000E+08   9.95523E-04   1.35635E-03
  21   2.11349E-01   3          25850         -96180          96373          96457   9.95932E+04   -1.30823   1.36351E+05    0.78583   1.00000E+08   9.95932E-04   1.36351E-03
  21   2.11349E-01   4          25657         -96188          96607          96773   9.95511E+04   -1.31013   1.36740E+05    0.78626   1.00000E+08   9.95511E-04   1.36740E-03
  21   2.11349E-01   5          25472         -96136          96716          96030   9.94533E+04   -1.31179   1.36293E+05    0.78184   1.00000E+08   9.94533E-04   1.36293E-03
  21   2.11349E-01   6          25855         -95846          95960          96396   9.92720E+04   -1.30731   1.36017E+05    0.78766   1.00000E+08   9.92720E-04   1.36017E-03
  21   2.11349E-01   7          25820         -95860          96160          96390   9.92764E+04   -1.30769   1.36154E+05    0.78659   1.00000E+08   9.92764E-04   1.36154E-03
  21   2.11349E-01   8          25889         -96182          96431          95748   9.96053E+04   -1.30786   1.35892E+05    0.78184   1.00000E+08   9.96053E-04   1.35892E-03
  21   2.11349E-01   9          25816         -96130          95689          95842   9.95361E+04   -1.30843   1.35433E+05    0.78620   1.00000E+08   9.95361E-04   1.35433E-03
  21   2.11349E-01  10          25664        -121480          96155              0   1.24161E+05   -1.36260   9.61550E+04    0.00000   1.00000E+08   1.24161E-03   9.61550E-04

  22   3.09920E-01   0         118883          37088              0          82481   1.24534E+05    0.30240   8.24810E+04    1.57080   1.00000E+08   1.24534E-03   8.24810E-04
  22   3.09920E-01   1          36651         -81820          82419          81460   8.96538E+04   -1.14965   1.15882E+05    0.77955   1.00000E+08   8.96538E-04   1.15882E-03
  22   3.09920E-01   2          36900         -81864          81437          81914   8.97960E+04   -1.14732   1.15507E+05    0.78832   1.00000E+08   8.97960E-04   1.15507E-03
  22   3.09920E-01   3          36607         -81731          82162          81424   8.95546E+04   -1.14969   1.15674E+05    0.78089   1.00000E+08   8.95546E-04   1.15674E-03
  22   3.09920E-01   4          36564         -82322          81679          81369   9.00768E+04   -1.15281   1.15293E+05    0.78350   1.00000E+08   9.00768E-04   1.15293E-03
  22   3.09920E-01   5          37117         -81642          81255          81955   8.96833E+04   -1.14410   1.15408E+05    0.78969   1.00000E+08   8.96833E-04   1.15408E-03
  22   3.09920E-01   6          36759         -81455          81582          81447   8.93652E+04   -1.14688   1.15279E+05    0.78457   1.00000E+08   8.93652E-04   1.15279E-03
  22   3.09920E-01   7          36515         -82118          81898          80859   8.98705E+04   -1.15239   1.15089E+05    0.77901   1.00000E+08   8.98705E-04   1.15089E-03
  22   3.09920E-01   8          36610         -81758          80649          81135   8.95805E+04   -1.14979   1.14399E+05    0.78840   1.00000E+08   8.95805E-04   1.14399E-03
  22   3.09920E-01   9          36590         -81738          81143          81520   8.95541E+04   -1.14990   1.15020E+05    0.78772   1.00000E+08   8.95541E-04   1.15020E-03
  22   3.09920E-01  10          36742        -118132          81241              0   1.23714E+05   -1.26926   8.12410E+04    0.00000   1.00000E+08   1.23714E-03   8.12410E-04

  23   4.54465E-01   0         101581          46028              0          56009   1.11523E+05    0.42544   5.60090E+04    1.57080   1.00000E+08   1.11523E-03   5.60090E-04
  23   4.54465E-01   1          45976         -55352          55714          55448   7.19558E+04   -0.87767   7.86036E+04    0.78301   1.00000E+08   7.19558E-04   7.86036E-04
  23   4.54465E-01   2          46216         -55567          55686          55575   7.22745E+04   -0.87701   7.86734E+04    0.78440   1.00000E+08   7.22745E-04   7.86734E-04
  23   4.54465E-01   3          46525         -55577          55543          54965   7.24802E+04   -0.87382   7.81420E+04    0.78017   1.00000E+08   7.24802E-04   7.81420E-04
  23   4.54465E-01   4          46234         -55159          55043          55853   7.19729E+04   -0.87320   7.84174E+04    0.79270   1.00000E+08   7.19729E-04   7.84174E-04
  23   4.54465E-01   5          46277         -55534          56020          55954   7.22882E+04   -0.87607   7.91776E+04    0.78481   1.00000E+08   7.22882E-04   7.91776E-04
  23   4.54465E-01   6          46144         -55465          56037          55752   7.21501E+04   -0.87688   7.90470E+04    0.78285   1.00000E+08   7.21501E-04   7.90470E-04
  23   4.54465E-01   7          46231         -55662          55711          55256   7.23572E+04   -0.87769   7.84662E+04    0.78130   1.00000E+08   7.23572E-04   7.84662E-04
  23   4.54465E-01   8          45769         -55437          55261          55312   7.18892E+04   -0.88064   7.81869E+04    0.78586   1.00000E+08   7.18892E-04   7.81869E-04
  23   4.54465E-01   9          45805         -55435          55623          55053   7.19106E+04   -0.88023   7.82608E+04    0.78025   1.00000E+08   7.19106E-04   7.82608E-04
  23   4.54465E-01  10          46288        -101438          55056              0   1.11500E+05   -1.14270   5.50560E+04    0.00000   1.00000E+08   1.11500E-03   5.50560E-04

  24   6.66423E-01   0          65975          43941              0          21903   7.92686E+04    0.58756   2.19030E+04    1.57080   1.00000E+08   7.92686E-04   2.19030E-04
  24   6.66423E-01   1          43971         -22112          22112          22199   4.92178E+04   -0.46595   3.13327E+04    0.78736   1.00000E+08   4.92178E-04   3.13327E-04
  24   6.66423E-01   2          43848         -21753          21962          22107   4.89473E+04   -0.46052   3.11617E+04    0.78869   1.00000E+08   4.89473E-04   3.11617E-04
  24   6.66423E-01   3          44489         -21883          22043          22067   4.95796E+04   -0.45713   3.11905E+04    0.78594   1.00000E+08   4.95796E-04   3.11905E-04
  24   6.66423E-01   4          44158         -21651          21972          22071   4.91802E+04   -0.45586   3.11432E+04    0.78765   1.00000E+08   4.91802E-04   3.11432E-04
  24   6.66423E-01   5          44302         -22058          22070          22085   4.94896E+04   -0.46197   3.12223E+04    0.78574   1.00000E+08   4.94896E-04   3.12223E-04
  24   6.66423E-01   6          44195         -22053          22198          21969   4.93916E+04   -0.46284   3.12312E+04    0.78021   1.00000E+08   4.93916E-04   3.12312E-04
  24   6.66423E-01   7          44061         -22407          22091          22001   4.94312E+04   -0.47046   3.11778E+04    0.78336   1.00000E+08   4.94312E-04   3.11778E-04
  24   6.66423E-01   8          44123         -22501          22027          21970   4.95291E+04   -0.47158   3.11106E+04    0.78410   1.00000E+08   4.95291E-04   3.11106E-04
  24   6.66423E-01   9          43776         -21387          21830          22166   4.87211E+04   -0.45445   3.11108E+04    0.79304   1.00000E+08   4.87211E-04   3.11108E-04
  24   6.66423E-01  10          43886         -65872          22155              0   7.91524E+04   -0.98310   2.21550E+04    0.00000   1.00000E+08   7.91524E-04   2.21550E-04

  25   9.77237E-01   0           4621           4611              0            106   6.52801E+03    0.78431   1.06000E+02    1.57080   1.00000E+08   6.52801E-05   1.06000E-06
  25   9.77237E-01   1           4624           -129            114             91   4.62580E+03   -0.02789   1.45866E+02    0.67367   1.00000E+08   4.62580E-05   1.45866E-06
  25   9.77237E-01   2           4526             10            106             98   4.52601E+03    0.00221   1.44361E+02    0.74620   1.00000E+08   4.52601E-05   1.44361E-06
  25   9.77237E-01   3           4630           -184            119            114   4.63365E+03   -0.03972   1.64794E+02    0.76394   1.00000E+08   4.63365E-05   1.64794E-06
  25   9.77237E-01   4           4578            -15            123             96   4.57802E+03   -0.00328   1.56029E+02    0.66273   1.00000E+08   4.57802E-05   1.56029E-06
  25   9.77237E-01   5           4675           -118            109            124   4.67649E+03   -0.02524   1.65097E+02    0.84969   1.00000E+08   4.67649E-05   1.65097E-06
  25   9.77237E-01   6           4555           -122            114            109   4.55663E+03   -0.02678   1.57724E+02    0.76298   1.00000E+08   4.55663E-05   1.57724E-06
  25   9.77237E-01   7           4549            -40            110            127   4.54918E+03   -0.00879   1.68015E+02    0.85701   1.00000E+08   4.54918E-05   1.68015E-06
  25   9.77237E-01   8           4685            -87             98            110   4.68581E+03   -0.01857   1.47323E+02    0.84303   1.00000E+08   4.68581E-05   1.47323E-06
  25   9.77237E-01   9           4580             46            111             94   4.58023E+03    0.01004   1.45454E+02    0.70266   1.00000E+08   4.58023E-05   1.45454E-06
  25   9.77237E-01  10           4722          -4782             99              0   6.72048E+03   -0.79171   9.90000E+01    0.00000   1.00000E+08   6.72048E-05   9.90000E-07

