# TCRW Fig 2 current Jomega for omega = 1.00
# D_r =  1.000E-03   T =    10000000000
# columns:  x  y  Jx  Jy  |J|   (allowed sites only; counts/T_steps)
   0    0   0.000000E+00   2.533860E-05   2.533860E-05
   0    1   2.533840E-05   2.577260E-05   3.614224E-05
   0    2   2.577500E-05   2.319210E-05   3.467310E-05
   0    3   2.319100E-05   2.485090E-05   3.399102E-05
   0    4   2.485340E-05   2.440860E-05   3.483491E-05
   0    5   2.440660E-05   2.405910E-05   3.427131E-05
   0    6   2.406040E-05   2.310120E-05   3.335518E-05
   0    7   2.310180E-05   2.400930E-05   3.331876E-05
   0    8   2.400760E-05   2.672170E-05   3.592233E-05
   0    9   2.672230E-05   0.000000E+00   2.672230E-05
   1    0  -2.533690E-05   2.487630E-05   3.550759E-05
   1    1  -8.973000E-07  -6.367000E-07   1.100243E-06
   1    2   1.505600E-06  -1.677100E-06   2.253774E-06
   1    3  -7.543000E-07   1.001800E-06   1.254022E-06
   1    4  -2.136000E-07  -1.150000E-07   2.425901E-07
   1    5   6.788000E-07  -2.039500E-06   2.149495E-06
   1    6  -7.327000E-07   2.063200E-06   2.189439E-06
   1    7   2.112200E-06   3.164300E-06   3.804495E-06
   1    8  -4.581000E-07   3.066000E-06   3.100034E-06
   1    9   2.707240E-05  -2.672000E-05   3.803779E-05
   2    0  -2.487740E-05   2.437710E-05   3.482999E-05
   2    1  -3.196000E-07   4.111700E-06   4.124102E-06
   2    2   4.893800E-06   8.028000E-07   4.959210E-06
   2    3   1.308300E-06   1.150600E-06   1.742277E-06
   2    4   5.009000E-07  -2.152800E-06   2.210305E-06
   2    5  -3.216000E-07  -1.918300E-06   1.945071E-06
   2    6  -3.299800E-06   3.413600E-06   4.747773E-06
   2    7  -4.874000E-07  -5.983000E-07   7.717005E-07
   2    8  -1.548800E-06   5.705000E-07   1.650531E-06
   2    9   2.683560E-05  -2.707210E-05   3.811887E-05
   3    0  -2.437830E-05   2.552600E-05   3.529700E-05
   3    1  -3.463300E-06   3.371700E-06   4.833509E-06
   3    2   2.252400E-06  -2.252100E-06   3.185163E-06
   3    3   1.498300E-06  -1.989800E-06   2.490825E-06
   3    4   1.469400E-06  -1.328300E-06   1.980787E-06
   3    5   1.090200E-06  -3.746000E-07   1.152762E-06
   3    6  -4.112500E-06  -8.126000E-07   4.192013E-06
   3    7  -3.513000E-06  -1.694500E-06   3.900320E-06
   3    8  -2.755500E-06   1.042700E-06   2.946185E-06
   3    9   2.656890E-05  -2.683590E-05   3.776337E-05
   4    0  -2.552460E-05   2.388930E-05   3.496003E-05
   4    1  -3.864400E-06  -2.050900E-06   4.374903E-06
   4    2  -3.267300E-06  -2.988000E-07   3.280934E-06
   4    3   3.940100E-06  -5.852000E-07   3.983321E-06
   4    4   2.243000E-06   6.909000E-07   2.346996E-06
   4    5   2.539000E-06  -1.832800E-06   3.131402E-06
   4    6   6.220000E-08   3.281600E-06   3.282189E-06
   4    7   8.687000E-07   1.897500E-06   2.086899E-06
   4    8  -2.656700E-06   1.077000E-06   2.866703E-06
   4    9   2.515630E-05  -2.656870E-05   3.658873E-05
   5    0  -2.389060E-05   2.329680E-05   3.336917E-05
   5    1  -1.718000E-07  -6.470000E-08   1.835792E-07
   5    2  -3.627300E-06   1.243700E-06   3.834592E-06
   5    3  -1.442000E-06  -3.254000E-06   3.559197E-06
   5    4  -6.500000E-09  -8.461000E-07   8.461250E-07
   5    5   3.229500E-06   3.193000E-07   3.245246E-06
   5    6  -4.146000E-07   2.346200E-06   2.382551E-06
   5    7   5.103000E-07  -3.837200E-06   3.870983E-06
   5    8  -4.049400E-06   1.950000E-07   4.054092E-06
   5    9   2.410940E-05  -2.515530E-05   3.484325E-05
   6    0  -2.329620E-05   2.601710E-05   3.492281E-05
   6    1   2.186900E-06   4.151000E-07   2.225947E-06
   6    2  -1.004300E-06   2.445600E-06   2.643781E-06
   6    3   2.071200E-06   1.133000E-06   2.360839E-06
   6    4   5.462000E-07   1.182000E-07   5.588432E-07
   6    5  -2.101000E-07  -1.919100E-06   1.930566E-06
   6    6  -1.035300E-06  -3.296000E-07   1.086500E-06
   6    7   3.090900E-06  -2.000300E-06   3.681693E-06
   6    8  -1.686500E-06   1.906900E-06   2.545692E-06
   6    9   2.300920E-05  -2.411340E-05   3.332986E-05
   7    0  -2.601610E-05   2.506790E-05   3.612806E-05
   7    1   1.357200E-06  -2.052500E-06   2.460640E-06
   7    2  -2.306900E-06   1.848500E-06   2.956136E-06
   7    3  -2.874000E-07  -5.740000E-07   6.419305E-07
   7    4   1.377200E-06  -1.297700E-06   1.892275E-06
   7    5   1.168500E-06  -3.570000E-07   1.221819E-06
   7    6  -2.416000E-07   1.206900E-06   1.230844E-06
   7    7   2.169100E-06  -2.013400E-06   2.959523E-06
   7    8  -8.248000E-07  -3.694000E-07   9.037430E-07
   7    9   2.205470E-05  -2.301180E-05   3.187401E-05
   8    0  -2.506660E-05   2.649530E-05   3.647376E-05
   8    1   2.536600E-06   5.171000E-07   2.588770E-06
   8    2   2.250000E-08  -2.115000E-07   2.126934E-07
   8    3  -1.946100E-06  -1.354100E-06   2.370842E-06
   8    4  -3.499000E-07   6.156000E-07   7.080914E-07
   8    5   2.353600E-06   2.317000E-06   3.302714E-06
   8    6   2.280700E-06   2.339200E-06   3.267025E-06
   8    7   4.116100E-06  -1.251500E-06   4.302154E-06
   8    8   1.284000E-06   1.906800E-06   2.298813E-06
   8    9   2.409610E-05  -2.205190E-05   3.266356E-05
   9    0  -2.649940E-05   0.000000E+00   2.649940E-05
   9    1  -2.558380E-05  -2.650120E-05   3.683537E-05
   9    2  -2.375140E-05  -2.558500E-05   3.491019E-05
   9    3  -2.420660E-05  -2.375170E-05   3.391316E-05
   9    4  -2.631340E-05  -2.420110E-05   3.575036E-05
   9    5  -2.687190E-05  -2.631530E-05   3.761109E-05
   9    6  -2.630130E-05  -2.687090E-05   3.760058E-05
   9    7  -2.334030E-05  -2.630520E-05   3.516722E-05
   9    8  -2.409660E-05  -2.333990E-05   3.354694E-05
   9    9   0.000000E+00  -2.409630E-05   2.409630E-05
