# TCRW Fig 2 occupancy P(X,Y)
# omega = 1.00   D_r =  1.000E-03   T =    10000000000
# columns: x   y   P(x,y)
   0    0    4.966599E-02
   0    1    2.489749E-02
   0    2    2.485674E-02
   0    3    2.485869E-02
   0    4    2.480818E-02
   0    5    2.484534E-02
   0    6    2.479415E-02
   0    7    2.488162E-02
   0    8    2.487887E-02
   0    9    4.951060E-02

   1    0    2.490368E-02
   1    1    1.008810E-04
   1    2    9.795990E-05
   1    3    9.652950E-05
   1    4    9.839100E-05
   1    5    9.576080E-05
   1    6    9.583920E-05
   1    7    9.969310E-05
   1    8    1.042675E-04
   1    9    2.488748E-02

   2    0    2.478024E-02
   2    1    1.031411E-04
   2    2    1.034842E-04
   2    3    9.923400E-05
   2    4    9.640990E-05
   2    5    9.215840E-05
   2    6    9.728790E-05
   2    7    1.038907E-04
   2    8    1.059003E-04
   2    9    2.477758E-02

   3    0    2.483907E-02
   3    1    1.068578E-04
   3    2    1.091908E-04
   3    3    1.012012E-04
   3    4    9.489950E-05
   3    5    9.062990E-05
   3    6    9.247180E-05
   3    7    9.758820E-05
   3    8    1.032105E-04
   3    9    2.487141E-02

   4    0    2.485786E-02
   4    1    1.008349E-04
   4    2    1.056243E-04
   4    3    1.040728E-04
   4    4    9.797380E-05
   4    5    9.205600E-05
   4    6    9.088950E-05
   4    7    9.514760E-05
   4    8    9.991330E-05
   4    9    2.493904E-02

   5    0    2.493915E-02
   5    1    9.468130E-05
   5    2    9.967050E-05
   5    3    1.027263E-04
   5    4    1.000647E-04
   5    5    9.631990E-05
   5    6    9.617010E-05
   5    7    9.458330E-05
   5    8    9.447290E-05
   5    9    2.481831E-02

   6    0    2.473317E-02
   6    1    9.704800E-05
   6    2    9.872700E-05
   6    3    1.012397E-04
   6    4    9.987210E-05
   6    5    9.773660E-05
   6    6    9.673380E-05
   6    7    9.234590E-05
   6    8    9.084020E-05
   6    9    2.480560E-02

   7    0    2.487570E-02
   7    1    9.895920E-05
   7    2    9.970860E-05
   7    3    1.035794E-04
   7    4    1.006200E-04
   7    5    9.641240E-05
   7    6    9.633800E-05
   7    7    9.359850E-05
   7    8    8.986940E-05
   7    9    2.478768E-02

   8    0    2.483768E-02
   8    1    1.013133E-04
   8    2    9.905510E-05
   8    3    9.940950E-05
   8    4    1.009736E-04
   8    5    1.019012E-04
   8    6    1.019198E-04
   8    7    9.661770E-05
   8    8    9.186310E-05
   8    9    2.478412E-02

   9    0    4.963542E-02
   9    1    2.487026E-02
   9    2    2.490314E-02
   9    3    2.483078E-02
   9    4    2.491098E-02
   9    5    2.490094E-02
   9    6    2.488588E-02
   9    7    2.485552E-02
   9    8    2.482202E-02
   9    9    4.965082E-02

