# TCRW Fig 2 current Jomega defects, omega = 0.00
# D_r =  1.000E-03   T =    10000000000
# columns:  x  y  Jx  Jy  |J|   (allowed sites only; counts/T_steps)
   0    0   1.679320E-05   0.000000E+00   1.679320E-05
   0    1   1.646000E-05  -1.679440E-05   2.351560E-05
   0    2   1.673140E-05  -1.645900E-05   2.346995E-05
   0    3   1.750120E-05  -1.673290E-05   2.421326E-05
   0    4   1.688640E-05  -1.750280E-05   2.432074E-05
   0    5   1.710750E-05  -1.688510E-05   2.403691E-05
   0    6   1.738560E-05  -1.710650E-05   2.439040E-05
   0    7   1.729030E-05  -1.738440E-05   2.451881E-05
   0    8   1.817320E-05  -1.729110E-05   2.508480E-05
   0    9   0.000000E+00  -1.817140E-05   1.817140E-05
   1    0   1.773870E-05   1.679380E-05   2.442730E-05
   1    1   1.151000E-07  -1.274000E-06   1.279189E-06
   1    2  -1.503300E-06  -1.772000E-07   1.513708E-06
   1    3   1.120300E-06   2.545000E-06   2.780665E-06
   1    4   4.322000E-07  -9.700000E-07   1.061931E-06
   1    5   1.594900E-06  -8.234000E-07   1.794908E-06
   1    6   1.564100E-06  -1.094400E-06   1.908958E-06
   1    7   1.073000E-07  -1.385000E-06   1.389150E-06
   1    8   1.924400E-06   6.796000E-07   2.040875E-06
   1    9  -1.817080E-05  -1.921420E-05   2.644548E-05
   2    0   1.826720E-05   1.773570E-05   2.546067E-05
   2    1   4.514000E-07  -1.360400E-06   1.433335E-06
   2    2   6.145000E-07  -3.229600E-06   3.287541E-06
   2    3  -1.495590E-05   1.785600E-05   2.329197E-05
   2    4  -1.785480E-05   1.793340E-05   2.530614E-05
   2    5  -1.793150E-05   1.847850E-05   2.574866E-05
   2    6  -1.847990E-05   1.867210E-05   2.627078E-05
   2    7  -4.785000E-07  -3.030000E-08   4.794584E-07
   2    8  -1.355000E-07   1.020800E-06   1.029754E-06
   2    9  -1.921560E-05  -1.735720E-05   2.589424E-05
   3    0   1.897590E-05   1.826660E-05   2.633920E-05
   3    1  -1.326000E-06  -7.896000E-07   1.543290E-06
   3    2  -1.818720E-05  -1.694120E-05   2.485515E-05
   3    7   1.784480E-05   1.819340E-05   2.548405E-05
   3    8  -1.400900E-06  -4.850000E-07   1.482480E-06
   3    9  -1.735610E-05  -1.679690E-05   2.415305E-05
   4    0   1.813450E-05   1.897680E-05   2.624841E-05
   4    1  -1.891500E-06  -1.194200E-06   2.236937E-06
   4    2  -1.694040E-05  -1.708460E-05   2.405952E-05
   4    4   1.913960E-05   0.000000E+00   1.913960E-05
   4    5   1.889850E-05  -1.913660E-05   2.689540E-05
   4    6   1.798960E-05  -1.890100E-05   2.609355E-05
   4    7  -4.326000E-07  -1.454000E-07   4.563813E-07
   4    8   4.689000E-07  -3.003000E-07   5.568189E-07
   4    9  -1.679840E-05  -1.831150E-05   2.484949E-05
   5    0   2.024170E-05   1.813390E-05   2.717655E-05
   5    1  -1.064900E-06  -3.155700E-06   3.330534E-06
   5    2  -1.708710E-05  -1.707080E-05   2.415329E-05
   5    4   1.876540E-05   1.913670E-05   2.680212E-05
   5    5  -1.104900E-06   1.319000E-07   1.112745E-06
   5    6  -1.185000E-06  -4.180000E-08   1.185737E-06
   5    7  -2.138000E-07  -6.220000E-07   6.577191E-07
   5    8   1.162600E-06   5.389000E-07   1.281426E-06
   5    9  -1.830870E-05  -1.825900E-05   2.585729E-05
   6    0   2.091250E-05   2.024070E-05   2.910358E-05
   6    1  -1.207600E-06  -3.844700E-06   4.029890E-06
   6    2  -1.706790E-05  -1.903380E-05   2.556558E-05
   6    4   1.803080E-05   1.876590E-05   2.602439E-05
   6    5   8.310000E-08  -6.000000E-10   8.310217E-08
   6    6   4.580000E-08  -1.129800E-06   1.130728E-06
   6    7  -2.988000E-07  -3.018000E-07   4.246936E-07
   6    8   1.049800E-06   8.371000E-07   1.342690E-06
   6    9  -1.825920E-05  -1.882350E-05   2.622446E-05
   7    0   1.860100E-05   2.091260E-05   2.798811E-05
   7    1  -2.336000E-06   4.291000E-07   2.375084E-06
   7    2  -1.752500E-06  -1.055400E-06   2.045758E-06
   7    3   1.634350E-05  -1.728270E-05   2.378659E-05
   7    4   6.317000E-07   1.693000E-06   1.807012E-06
   7    5  -1.048300E-06   6.899000E-07   1.254948E-06
   7    6  -1.606600E-06   1.087000E-06   1.939776E-06
   7    7   3.850000E-07   1.788000E-07   4.244932E-07
   7    8   1.445200E-06   3.647000E-07   1.490506E-06
   7    9  -1.882280E-05  -1.886540E-05   2.664960E-05
   8    0   1.718310E-05   1.860400E-05   2.532524E-05
   8    1  -1.591800E-06   1.393600E-06   2.115644E-06
   8    2   2.750000E-07   2.684000E-07   3.842702E-07
   8    3  -1.903600E-06  -2.504000E-06   3.145427E-06
   8    4   2.343000E-06   2.776400E-06   3.632911E-06
   8    5  -4.216000E-07  -1.702100E-06   1.753537E-06
   8    6   2.523000E-07  -4.886000E-07   5.498957E-07
   8    7   1.399600E-06   1.219100E-06   1.856094E-06
   8    8  -1.061600E-06   2.229000E-07   1.084748E-06
   8    9  -1.886750E-05  -1.739770E-05   2.566442E-05
   9    0   0.000000E+00   1.718340E-05   1.718340E-05
   9    1  -1.718350E-05   1.701400E-05   2.418158E-05
   9    2  -1.701410E-05   1.884890E-05   2.539214E-05
   9    3  -1.884750E-05   1.537810E-05   2.432518E-05
   9    4  -1.537880E-05   1.868500E-05   2.419993E-05
   9    5  -1.868600E-05   1.773650E-05   2.576335E-05
   9    6  -1.773570E-05   1.723780E-05   2.473250E-05
   9    7  -1.723780E-05   1.864380E-05   2.539159E-05
   9    8  -1.864170E-05   1.739580E-05   2.549758E-05
   9    9  -1.739780E-05   0.000000E+00   1.739780E-05
