# TCRW Fig 1(d) MSD | omega =  0.00 | D_r =  1.000E-02 | T =    1000000 | N_traj =    500
# columns:  t   <|r|^2>
         1    9.920000E-01
         2    1.984000E+00
         3    1.044000E+00
         4    1.200000E-01
         5    1.038000E+00
         6    1.940000E+00
         7    1.082000E+00
         8    2.500000E-01
         9    1.124000E+00
        12    4.080000E-01
        16    5.060000E-01
        22    1.876000E+00
        29    1.304000E+00
        39    1.430000E+00
        51    1.506000E+00
        68    1.392000E+00
        91    1.866000E+00
       120    2.002000E+00
       159    2.406000E+00
       212    2.950000E+00
       281    3.680000E+00
       372    4.474000E+00
       494    5.896000E+00
       655    7.636000E+00
       868    9.948000E+00
      1151    1.270600E+01
      1526    1.652400E+01
      2023    2.199600E+01
      2682    2.917200E+01
      3556    3.955800E+01
      4714    5.083200E+01
      6250    6.458600E+01
      8286    8.254800E+01
     10985    1.134600E+02
     14563    1.542620E+02
     19306    2.015680E+02
     25595    2.707240E+02
     33932    3.395160E+02
     44984    4.343280E+02
     59636    5.539400E+02
     79060    7.938280E+02
    104811    1.022138E+03
    138949    1.307944E+03
    184206    1.833474E+03
    244205    2.324458E+03
    323745    3.178726E+03
    429193    4.417664E+03
    568986    5.894572E+03
    754312    7.743160E+03
   1000000    1.017699E+04
