# TCRW Fig 3(e):  θ_JDr and θ_Jω of the TOTAL left-wall current  (L = 10, ω = 1)
# L = 10 (sites = 11)   seed = 20260423
# columns:  iD  D_r  Jx_Dr_tot  Jy_Dr_tot  Jx_om_tot  Jy_om_tot  th_Dr_tot  th_om_tot  Jx_Dr_in  Jy_Dr_in  Jx_om_in  Jy_om_in  th_Dr_in  th_om_in
   1   1.00000E-04          27257        -272367         251449         251446   -1.47105    0.78539             17        -245136         199667         213427   -1.57073    0.81870
   2   1.46639E-04          18608        -185837         190104         190101   -1.47100    0.78539             21        -167256         175585         168603   -1.57067    0.76512
   3   2.15030E-04          12690        -126583         144179         144179   -1.47088    0.78540             27        -113928         126039         131840   -1.57056    0.80789
   4   3.15319E-04           8653         -86195          79094          79093   -1.47074    0.78539             22         -77579          68835          77504   -1.57051    0.84457
   5   4.62381E-04           5896         -58648          52315          52315   -1.47060    0.78540             21         -52784          50612          50529   -1.57040    0.78458
   6   6.78032E-04           4016         -39784          39620          39618   -1.47019    0.78537             25         -35807          35877          34278   -1.57010    0.76261
   7   9.94260E-04           2728         -27010          33362          33360   -1.47014    0.78537             26         -24313          29512          29174   -1.56973    0.77964
   8   1.45797E-03           3310         -32592          36194          36189   -1.46958    0.78533             37         -29339          33781          32306   -1.56954    0.76308
   9   2.13796E-03           4825         -47217          50354          50354   -1.46896    0.78540             84         -42499          47172          45367   -1.56882    0.76590
  10   3.13509E-03           7091         -68633          69634          69634   -1.46784    0.78540            195         -61765          62714          62485   -1.56764    0.78357
  11   4.59727E-03          10372         -98717         100188         100187   -1.46611    0.78539            382         -88861          88729          91252   -1.56650    0.79942
  12   6.74140E-03          15228        -141431         141632         141615   -1.46354    0.78534            884        -127315         127699         127225   -1.56385    0.78354
  13   9.88553E-03          22285        -201253         195540         195518   -1.46051    0.78534           1791        -181141         177103         173536   -1.56091    0.77523
  14   1.44961E-02          32402        -278471         277416         277458   -1.45496    0.78547           3679        -250623         249640         250495   -1.55612    0.78711
  15   2.12569E-02          47135        -380380         381922         381971   -1.44751    0.78546           7415        -342344         342089         344881   -1.54914    0.78946
  16   3.11709E-02          68800        -507605         508258         508240   -1.43608    0.78538          14749        -456894         458107         456655   -1.53853    0.78381
  17   4.57088E-02          99301        -649151         651747         651816   -1.41900    0.78545          28170        -584109         585179         587221   -1.52261    0.78714
  18   6.70270E-02         142309        -791930         799568         799648   -1.39299    0.78545          51548        -712814         719917         719715   -1.49861    0.78526
  19   9.82879E-02         201547        -916248         919916         919888   -1.35427    0.78538          89960        -824703         827784         828578   -1.46214    0.78588
  20   1.44129E-01         281261        -982882         982789         983179   -1.29209    0.78560         149887        -884621         883708         885823   -1.40295    0.78659
  21   2.11349E-01         379238        -960275         962133         962066   -1.19467    0.78536         231774        -864586         865978         865292   -1.30888    0.78500
  22   3.09920E-01         485938        -817492         815465         815564   -1.03449    0.78546         330313        -736448         734224         733083   -1.14917    0.78462
  23   4.54465E-01         563046        -554598         555694         555177   -0.77784    0.78493         415177        -499188         500638         499168   -0.87702    0.78393
  24   6.66423E-01         506784        -219736         220460         220538   -0.40912    0.78558         396923        -197805         198305         198635   -0.46232    0.78623
  25   9.77237E-01          50745           -810           1103           1069   -0.01596    0.76975          41402           -639           1004            963   -0.01543    0.76456
