# TCRW Fig 1(c) MSD | omega =  0.50 | D_r =  1.000E-03 | T =    1000000 | N_traj =   1000
# columns:  t   <|r|^2>
         1    9.990000E-01
         2    1.998000E+00
         3    2.956000E+00
         4    4.038000E+00
         5    5.038000E+00
         6    5.958000E+00
         7    7.125000E+00
         8    8.124000E+00
         9    9.206000E+00
        10    1.002300E+01
        11    1.096400E+01
        12    1.164600E+01
        13    1.290800E+01
        14    1.378500E+01
        15    1.459600E+01
        16    1.565300E+01
        17    1.673700E+01
        18    1.778300E+01
        19    1.852500E+01
        20    1.935200E+01
        21    2.034600E+01
        22    2.084800E+01
        23    2.193800E+01
        24    2.270700E+01
        28    2.668700E+01
        32    3.010600E+01
        37    3.560700E+01
        43    4.101400E+01
        49    4.703900E+01
        57    5.561300E+01
        65    6.417000E+01
        75    7.513300E+01
        86    8.793800E+01
       100    1.034240E+02
       114    1.156370E+02
       132    1.336590E+02
       151    1.507830E+02
       174    1.695910E+02
       200    1.971160E+02
       231    2.354410E+02
       265    2.650990E+02
       305    3.018370E+02
       351    3.541790E+02
       403    4.159020E+02
       464    4.703850E+02
       533    5.338800E+02
       613    6.205160E+02
       705    7.164050E+02
       811    8.021200E+02
       932    9.075700E+02
      1072    1.049762E+03
      1232    1.249996E+03
      1417    1.496998E+03
      1629    1.720659E+03
      1873    2.021254E+03
      2154    2.269847E+03
      2477    2.634210E+03
      2848    3.022010E+03
      3274    3.488016E+03
      3764    4.005513E+03
      4328    4.691472E+03
      4977    5.362341E+03
      5722    6.317230E+03
      6579    7.189084E+03
      7564    8.226493E+03
      8697    9.211199E+03
     10000    1.014188E+04
     11497    1.153967E+04
     13219    1.314579E+04
     15199    1.465414E+04
     17475    1.655028E+04
     20092    1.923070E+04
     23101    2.238117E+04
     26560    2.510810E+04
     30538    2.941605E+04
     35111    3.277582E+04
     40370    3.794450E+04
     46415    4.438773E+04
     53366    5.273048E+04
     61359    6.160385E+04
     70548    7.070242E+04
     81113    8.394687E+04
     93260    9.672543E+04
    107226    1.116435E+05
    123284    1.299483E+05
    141747    1.473690E+05
    162975    1.626222E+05
    187381    1.861203E+05
    215443    2.129153E+05
    247707    2.441048E+05
    284803    2.814011E+05
    327454    3.261066E+05
    376493    3.751282E+05
    432876    4.421693E+05
    497702    5.094079E+05
    572236    5.752549E+05
    657933    6.629079E+05
    756463    7.794462E+05
    869749    8.788188E+05
   1000000    1.020779E+06
