# TCRW Fig 2 current JDr for omega = 0.00
# D_r =  1.000E-03   T =    10000000000
# columns:  x  y  Jx  Jy  |J|   (allowed sites only; counts/T_steps)
   0    0   2.610000E-08   2.474070E-05   2.474071E-05
   0    1   2.620000E-08   2.471480E-05   2.471481E-05
   0    2   2.510000E-08   2.471360E-05   2.471361E-05
   0    3   2.670000E-08   2.471110E-05   2.471111E-05
   0    4   2.260000E-08   2.471720E-05   2.471721E-05
   0    5   2.400000E-08   2.471710E-05   2.471711E-05
   0    6   2.230000E-08   2.471680E-05   2.471681E-05
   0    7   2.500000E-08   2.471580E-05   2.471581E-05
   0    8   2.400000E-08   2.471490E-05   2.471491E-05
   0    9   2.474340E-05  -2.330000E-08   2.474341E-05
   1    0  -2.471370E-05   2.580000E-08   2.471371E-05
   1    1  -4.000000E-10  -9.000000E-10   9.848858E-10
   1    2   8.000000E-10   4.400000E-09   4.472136E-09
   1    3  -1.500000E-09   2.500000E-09   2.915476E-09
   1    4   7.000000E-10   8.000000E-10   1.063015E-09
   1    5  -2.400000E-09  -7.000000E-10   2.500000E-09
   1    6  -8.000000E-10   5.300000E-09   5.360037E-09
   1    7   3.700000E-09   2.300000E-09   4.356604E-09
   1    8  -1.000000E-09   2.200000E-09   2.416609E-09
   1    9   2.471690E-05  -2.370000E-08   2.471691E-05
   2    0  -2.471280E-05   2.600000E-08   2.471281E-05
   2    1  -5.000000E-10   6.000000E-10   7.810250E-10
   2    2  -9.000000E-10  -1.000000E-09   1.345362E-09
   2    3   2.000000E-09  -5.000000E-10   2.061553E-09
   2    4  -2.300000E-09   0.000000E+00   2.300000E-09
   2    5  -3.000000E-09   2.400000E-09   3.841875E-09
   2    6   1.900000E-09  -3.700000E-09   4.159327E-09
   2    7   3.000000E-10  -2.600000E-09   2.617250E-09
   2    8  -2.400000E-09  -5.000000E-10   2.451530E-09
   2    9   2.471520E-05  -2.860000E-08   2.471522E-05
   3    0  -2.471570E-05   2.700000E-08   2.471571E-05
   3    1   1.100000E-09  -4.000000E-10   1.170470E-09
   3    2   1.800000E-09  -2.400000E-09   3.000000E-09
   3    3  -6.000000E-10   1.300000E-09   1.431782E-09
   3    4   1.000000E-10   1.600000E-09   1.603122E-09
   3    5  -1.300000E-09  -2.000000E-09   2.385372E-09
   3    6   3.000000E-10   9.000000E-10   9.486833E-10
   3    7  -6.000000E-10   5.000000E-10   7.810250E-10
   3    8   4.400000E-09   9.000000E-10   4.491102E-09
   3    9   2.471380E-05  -2.390000E-08   2.471381E-05
   4    0  -2.471690E-05   2.530000E-08   2.471691E-05
   4    1   6.000000E-10   2.600000E-09   2.668333E-09
   4    2   4.200000E-09   1.500000E-09   4.459821E-09
   4    3  -5.200000E-09   2.600000E-09   5.813777E-09
   4    4   2.000000E-10  -9.000000E-10   9.219544E-10
   4    5   2.500000E-09   6.000000E-10   2.570992E-09
   4    6  -4.000000E-10  -1.300000E-09   1.360147E-09
   4    7  -2.100000E-09   0.000000E+00   2.100000E-09
   4    8   1.400000E-09   2.400000E-09   2.778489E-09
   4    9   2.471700E-05  -2.370000E-08   2.471701E-05
   5    0  -2.471890E-05   2.650000E-08   2.471891E-05
   5    1   3.400000E-09   1.500000E-09   3.716181E-09
   5    2   1.000000E-10  -5.000000E-10   5.099020E-10
   5    3   2.800000E-09  -4.400000E-09   5.215362E-09
   5    4  -6.000000E-10  -3.000000E-09   3.059412E-09
   5    5   4.000000E-10  -8.000000E-10   8.944272E-10
   5    6  -2.700000E-09   8.000000E-10   2.816026E-09
   5    7  -9.000000E-10  -1.100000E-09   1.421267E-09
   5    8  -3.000000E-09   2.000000E-10   3.006659E-09
   5    9   2.472320E-05  -2.250000E-08   2.472321E-05
   6    0  -2.472010E-05   2.270000E-08   2.472011E-05
   6    1  -3.000000E-09  -4.000000E-10   3.026549E-09
   6    2   3.700000E-09   3.300000E-09   4.957822E-09
   6    3   2.100000E-09   2.000000E-10   2.109502E-09
   6    4   9.000000E-10  -9.000000E-10   1.272792E-09
   6    5  -7.000000E-10  -2.000000E-09   2.118962E-09
   6    6  -2.900000E-09  -6.000000E-10   2.961419E-09
   6    7   1.200000E-09   2.300000E-09   2.594224E-09
   6    8  -2.400000E-09  -3.600000E-09   4.326662E-09
   6    9   2.471930E-05  -2.460000E-08   2.471931E-05
   7    0  -2.472150E-05   2.310000E-08   2.472151E-05
   7    1   2.100000E-09  -1.300000E-09   2.469818E-09
   7    2   1.100000E-09  -2.600000E-09   2.823119E-09
   7    3  -5.000000E-10   1.600000E-09   1.676305E-09
   7    4   2.800000E-09   4.900000E-09   5.643580E-09
   7    5  -1.400000E-09   4.400000E-09   4.617359E-09
   7    6   9.000000E-10   3.200000E-09   3.324154E-09
   7    7  -1.600000E-09   3.000000E-10   1.627882E-09
   7    8  -1.900000E-09   3.100000E-09   3.635932E-09
   7    9   2.471660E-05  -2.650000E-08   2.471661E-05
   8    0  -2.471850E-05   2.270000E-08   2.471851E-05
   8    1  -6.000000E-10   1.300000E-09   1.431782E-09
   8    2   6.000000E-10  -3.000000E-10   6.708204E-10
   8    3  -1.000000E-10   7.000000E-10   7.071068E-10
   8    4  -2.000000E-10   6.000000E-10   6.324555E-10
   8    5  -1.700000E-09  -2.000000E-09   2.624881E-09
   8    6   1.200000E-09  -5.400000E-09   5.531727E-09
   8    7   2.200000E-09  -4.400000E-09   4.919350E-09
   8    8  -1.800000E-09  -7.500000E-09   7.712976E-09
   8    9   2.471410E-05  -2.720000E-08   2.471411E-05
   9    0  -2.474300E-05   2.340000E-08   2.474301E-05
   9    1  -2.370000E-08  -2.472000E-05   2.472001E-05
   9    2  -2.510000E-08  -2.471630E-05   2.471631E-05
   9    3  -2.570000E-08  -2.471590E-05   2.471591E-05
   9    4  -2.790000E-08  -2.471510E-05   2.471512E-05
   9    5  -2.260000E-08  -2.471820E-05   2.471821E-05
   9    6  -2.530000E-08  -2.471270E-05   2.471271E-05
   9    7  -2.600000E-08  -2.471230E-05   2.471231E-05
   9    8  -2.620000E-08  -2.470990E-05   2.470991E-05
   9    9  -2.650000E-08  -2.473720E-05   2.473721E-05
