# TCRW Fig 1(d) MSD | omega =  0.50 | D_r =  1.000E-03 | T =    1000000 | N_traj =    500
# columns:  t   <|r|^2>
         1    9.980000E-01
         2    1.998000E+00
         3    3.020000E+00
         4    4.084000E+00
         5    5.156000E+00
         6    5.874000E+00
         7    6.930000E+00
         8    7.966000E+00
         9    9.034000E+00
        12    1.230000E+01
        16    1.576200E+01
        22    2.224800E+01
        29    2.858600E+01
        39    3.966600E+01
        51    5.346600E+01
        68    7.120600E+01
        91    8.827800E+01
       120    1.133920E+02
       159    1.502780E+02
       212    2.060520E+02
       281    2.718280E+02
       372    3.697260E+02
       494    5.041780E+02
       655    6.511500E+02
       868    8.682300E+02
      1151    1.175020E+03
      1526    1.527630E+03
      2023    2.056744E+03
      2682    2.683972E+03
      3556    3.573476E+03
      4714    4.656462E+03
      6250    6.242270E+03
      8286    8.201020E+03
     10985    1.080351E+04
     14563    1.494908E+04
     19306    1.955927E+04
     25595    2.508389E+04
     33932    3.305261E+04
     44984    4.428966E+04
     59636    6.193580E+04
     79060    7.918808E+04
    104811    1.032410E+05
    138949    1.306513E+05
    184206    1.737384E+05
    244205    2.336350E+05
    323745    2.997260E+05
    429193    4.286189E+05
    568986    5.778901E+05
    754312    7.676076E+05
   1000000    1.026812E+06
