# TCRW Fig 2 occupancy P(X,Y) with plus-sign defect
# omega = 0.00   D_r =  1.000E-03   T =    10000000000
# columns: x   y   P(x,y)
   0    0    3.573222E-02
   0    1    1.792535E-02
   0    2    1.787969E-02
   0    3    1.795010E-02
   0    4    1.791841E-02
   0    5    1.790366E-02
   0    6    1.785941E-02
   0    7    1.785451E-02
   0    8    1.787006E-02
   0    9    3.578372E-02

   1    0    1.790334E-02
   1    1    6.803570E-05
   1    2    6.519250E-05
   1    3    6.718620E-05
   1    4    7.031490E-05
   1    5    7.055230E-05
   1    6    7.178990E-05
   1    7    7.097770E-05
   1    8    7.231700E-05
   1    9    1.785267E-02

   2    0    1.787582E-02
   2    1    7.123520E-05
   2    2    6.771020E-05
   2    3    1.767672E-02
   2    4    1.757900E-02
   2    5    1.754338E-02
   2    6    1.765113E-02
   2    7    7.202860E-05
   2    8    7.240900E-05
   2    9    1.793313E-02

   3    0    1.789973E-02
   3    1    7.251650E-05
   3    2    1.762774E-02
   3    3    0.000000E+00
   3    4    0.000000E+00
   3    5    0.000000E+00
   3    6    0.000000E+00
   3    7    1.761917E-02
   3    8    7.033450E-05
   3    9    1.791578E-02

   4    0    1.787980E-02
   4    1    7.128200E-05
   4    2    1.754267E-02
   4    3    0.000000E+00
   4    4    3.524577E-02
   4    5    1.754024E-02
   4    6    1.756774E-02
   4    7    7.059930E-05
   4    8    7.019060E-05
   4    9    1.786631E-02

   5    0    1.791617E-02
   5    1    7.267410E-05
   5    2    1.767392E-02
   5    3    0.000000E+00
   5    4    1.759364E-02
   5    5    7.497670E-05
   5    6    7.278140E-05
   5    7    7.071610E-05
   5    8    7.158220E-05
   5    9    1.783930E-02

   6    0    1.792095E-02
   6    1    7.740250E-05
   6    2    1.766963E-02
   6    3    0.000000E+00
   6    4    1.757772E-02
   6    5    7.382100E-05
   6    6    7.281500E-05
   6    7    7.113260E-05
   6    8    7.241820E-05
   6    9    1.788292E-02

   7    0    1.787133E-02
   7    1    7.727930E-05
   7    2    7.255150E-05
   7    3    1.753404E-02
   7    4    7.019550E-05
   7    5    7.216350E-05
   7    6    7.129300E-05
   7    7    7.133560E-05
   7    8    7.370930E-05
   7    9    1.791427E-02

   8    0    1.792538E-02
   8    1    7.151640E-05
   8    2    7.186460E-05
   8    3    6.799190E-05
   8    4    6.870830E-05
   8    5    7.170800E-05
   8    6    6.934100E-05
   8    7    7.173290E-05
   8    8    7.350130E-05
   8    9    1.790230E-02

   9    0    3.558878E-02
   9    1    1.788420E-02
   9    2    1.791210E-02
   9    3    1.788278E-02
   9    4    1.789500E-02
   9    5    1.786808E-02
   9    6    1.791135E-02
   9    7    1.785019E-02
   9    8    1.781504E-02
   9    9    3.577377E-02

