# TCRW Fig 3(g)  |J_Dr|_wall / |J_ω|_wall vs ω  (D_r = 10^-3, OBC)
# D_r_fixed =  1.0000E-03
# T_floor =    100000000   N_burn_floor =     10000000
# T_use = max(T_floor,  100.0*max(L^2,1/D_r)/D_r);  N_burn_use = max(N_burn_floor,   10.0*max(L^2,1/D_r)/D_r)
# seed    = 20260422
# columns: L   ω   ratio   |J_Dr|_wall   |J_ω|_wall   Jx_w_Dr   Jy_w_Dr   Jx_w_om   Jy_w_om
  9   0.0000   7.94589E-01   2.23277E+04   2.80997E+04           2494          22188          19870         -19869
  9   0.0500   6.68951E-01   2.01676E+04   3.01480E+04           2508          20011          22434         -20140
  9   0.1000   6.36966E-01   1.83932E+04   2.88763E+04           2511          18221          22518         -18077
  9   0.1500   5.75303E-01   1.56580E+04   2.72170E+04           2501          15457          22290         -15618
  9   0.2000   5.29521E-01   1.37816E+04   2.60266E+04           2489          13555          22399         -13254
  9   0.2500   4.55378E-01   1.14701E+04   2.51881E+04           2415          11213          22566         -11190
  9   0.3000   3.88196E-01   9.32246E+03   2.40148E+04           2525           8974          22329          -8839
  9   0.3500   3.22123E-01   7.61688E+03   2.36459E+04           2565           7172          22599          -6958
  9   0.4000   2.22946E-01   5.12128E+03   2.29709E+04           2533           4451          22516          -4549
  9   0.4500   1.42725E-01   3.13590E+03   2.19716E+04           2463           1941          21881          -1993
  9   0.5000   1.05932E-01   2.34735E+03   2.21591E+04           2345            105          22159             53
  9   0.5500   1.51861E-01   3.43215E+03   2.26006E+04           2492          -2360          22498           2151
  9   0.6000   2.37276E-01   5.41009E+03   2.28008E+04           2562          -4765          22341           4556
  9   0.6500   3.03622E-01   7.13168E+03   2.34886E+04           2449          -6698          22474           6829
  9   0.7000   3.89829E-01   9.16003E+03   2.34975E+04           2515          -8808          21830           8694
  9   0.7500   4.59843E-01   1.13915E+04   2.47725E+04           2543         -11104          22172          11049
  9   0.8000   5.16777E-01   1.35875E+04   2.62928E+04           2427         -13369          22527          13559
  9   0.8500   5.79337E-01   1.57930E+04   2.72605E+04           2518         -15591          22334          15631
  9   0.9000   6.46458E-01   1.81474E+04   2.80721E+04           2452         -17981          21976          17467
  9   0.9500   6.80353E-01   2.01364E+04   2.95970E+04           2505         -19980          21996          19803
  9   1.0000   6.03049E-01   2.21747E+04   3.67710E+04           2485         -22035          26002          26000
 19   0.0000   9.96156E-01   2.32455E+04   2.33352E+04           1248          23212          16501         -16500
 19   0.0500   6.74316E-01   2.09848E+04   3.11201E+04           1225          20949          23128         -20822
 19   0.1000   6.30066E-01   1.84895E+04   2.93454E+04           1177          18452          22973         -18259
 19   0.1500   5.80037E-01   1.62220E+04   2.79672E+04           1221          16176          22904         -16049
 19   0.2000   5.26942E-01   1.38405E+04   2.62657E+04           1216          13787          22550         -13468
 19   0.2500   4.63049E-01   1.19614E+04   2.58318E+04           1332          11887          23216         -11327
 19   0.3000   3.72178E-01   9.46409E+03   2.54289E+04           1281           9377          23646          -9354
 19   0.3500   3.05065E-01   7.23323E+03   2.37105E+04           1188           7135          22635          -7060
 19   0.4000   2.03833E-01   4.75952E+03   2.33501E+04           1156           4617          22885          -4637
 19   0.4500   1.07418E-01   2.56876E+03   2.39137E+04           1275           2230          23791          -2419
 19   0.5000   5.66123E-02   1.34435E+03   2.37467E+04           1331           -189          23746            177
 19   0.5500   1.15340E-01   2.77431E+03   2.40533E+04           1169          -2516          23948           2248
 19   0.6000   1.97908E-01   4.47849E+03   2.26292E+04           1262          -4297          22212           4325
 19   0.6500   2.86894E-01   6.90865E+03   2.40809E+04           1237          -6797          23102           6796
 19   0.7000   3.76232E-01   9.32195E+03   2.47771E+04           1299          -9231          23064           9053
 19   0.7500   4.65985E-01   1.18546E+04   2.54398E+04           1226         -11791          22780          11325
 19   0.8000   5.30211E-01   1.44576E+04   2.72676E+04           1278         -14401          23327          14120
 19   0.8500   5.66942E-01   1.62530E+04   2.86678E+04           1222         -16207          23454          16485
 19   0.9000   6.04301E-01   1.86069E+04   3.07908E+04           1248         -18565          24025          19258
 19   0.9500   7.05673E-01   2.09018E+04   2.96197E+04           1223         -20866          22022          19808
 19   1.0000   5.79531E-01   2.32343E+04   4.00915E+04           1243         -23201          28351          28347
 49   0.0000   6.61202E-01   5.71854E+04   8.64869E+04           1236          57172          61155         -61156
 49   0.0500   6.61186E-01   5.21797E+04   7.89184E+04           1239          52165          58697         -52752
 49   0.1000   6.19222E-01   4.66343E+04   7.53110E+04           1269          46617          58717         -47160
 49   0.1500   5.79962E-01   4.09981E+04   7.06910E+04           1252          40979          57910         -40542
 49   0.2000   5.27769E-01   3.52135E+04   6.67214E+04           1202          35193          57258         -34253
 49   0.2500   4.44945E-01   2.93729E+04   6.60146E+04           1256          29346          59079         -29455
 49   0.3000   3.75029E-01   2.34036E+04   6.24046E+04           1411          23361          57878         -23334
 49   0.3500   2.89528E-01   1.79496E+04   6.19959E+04           1333          17900          59397         -17762
 49   0.4000   1.99443E-01   1.21958E+04   6.11490E+04           1321          12124          59959         -12005
 49   0.4500   1.01015E-01   5.95695E+03   5.89707E+04           1228           5829          58644          -6199
 49   0.5000   2.22888E-02   1.27251E+03   5.70921E+04           1242           -277          57092             98
 49   0.5500   1.05784E-01   6.16927E+03   5.83197E+04           1232          -6045          58015           5954
 49   0.6000   1.94917E-01   1.12223E+04   5.75747E+04           1190         -11159          56493          11108
 49   0.6500   2.83819E-01   1.74651E+04   6.15359E+04           1226         -17422          59032          17375
 49   0.7000   3.72616E-01   2.32372E+04   6.23622E+04           1331         -23199          57705          23647
 49   0.7500   4.54832E-01   2.85184E+04   6.27009E+04           1203         -28493          56147          27909
 49   0.8000   5.12630E-01   3.47956E+04   6.78765E+04           1253         -34773          58134          35038
 49   0.8500   5.81400E-01   4.08071E+04   7.01877E+04           1281         -40787          57528          40210
 49   0.9000   6.22778E-01   4.55250E+04   7.30999E+04           1245         -45508          57092          45652
 49   0.9500   6.66774E-01   5.18171E+04   7.77131E+04           1207         -51803          57727          52028
 49   1.0000   6.45439E-01   5.77293E+04   8.94419E+04           1239         -57716          63244          63246
