# TCRW Fig 1(d) MSD | omega =  1.00 | D_r =  1.000E-02 | T =    1000000 | N_traj =    500
# columns:  t   <|r|^2>
         1    9.980000E-01
         2    1.988000E+00
         3    1.036000E+00
         4    8.200000E-02
         5    1.024000E+00
         6    1.962000E+00
         7    1.054000E+00
         8    1.480000E-01
         9    1.044000E+00
        12    2.160000E-01
        16    3.200000E-01
        22    1.894000E+00
        29    1.242000E+00
        39    1.332000E+00
        51    1.442000E+00
        68    1.182000E+00
        91    1.920000E+00
       120    2.110000E+00
       159    2.602000E+00
       212    3.210000E+00
       281    4.004000E+00
       372    5.042000E+00
       494    6.200000E+00
       655    7.758000E+00
       868    9.896000E+00
      1151    1.261000E+01
      1526    1.614600E+01
      2023    2.099400E+01
      2682    2.751600E+01
      3556    3.690400E+01
      4714    4.963200E+01
      6250    7.053400E+01
      8286    9.409200E+01
     10985    1.163980E+02
     14563    1.581980E+02
     19306    1.978460E+02
     25595    2.630140E+02
     33932    3.424880E+02
     44984    4.590620E+02
     59636    5.773760E+02
     79060    7.348440E+02
    104811    9.630260E+02
    138949    1.299732E+03
    184206    1.660820E+03
    244205    2.219924E+03
    323745    2.939250E+03
    429193    4.003868E+03
    568986    5.381322E+03
    754312    7.318528E+03
   1000000    9.609656E+03
