# TCRW Fig 2 occupancy P(X,Y)
# omega = 0.50   D_r =  1.000E-03   T =    10000000000
# columns: x   y   P(x,y)
   0    0    4.948328E-02
   0    1    2.488629E-02
   0    2    2.488248E-02
   0    3    2.488244E-02
   0    4    2.479325E-02
   0    5    2.484477E-02
   0    6    2.475894E-02
   0    7    2.478468E-02
   0    8    2.482976E-02
   0    9    4.972919E-02

   1    0    2.480536E-02
   1    1    9.900630E-05
   1    2    9.897400E-05
   1    3    9.909540E-05
   1    4    9.937410E-05
   1    5    9.932340E-05
   1    6    9.913590E-05
   1    7    9.924820E-05
   1    8    9.937750E-05
   1    9    2.488780E-02

   2    0    2.478797E-02
   2    1    9.898540E-05
   2    2    9.908280E-05
   2    3    9.921160E-05
   2    4    9.927970E-05
   2    5    9.924340E-05
   2    6    9.916580E-05
   2    7    9.931970E-05
   2    8    9.932610E-05
   2    9    2.482704E-02

   3    0    2.485224E-02
   3    1    9.911790E-05
   3    2    9.904740E-05
   3    3    9.915600E-05
   3    4    9.928600E-05
   3    5    9.924360E-05
   3    6    9.908180E-05
   3    7    9.915730E-05
   3    8    9.931610E-05
   3    9    2.491213E-02

   4    0    2.497040E-02
   4    1    9.915660E-05
   4    2    9.904500E-05
   4    3    9.912870E-05
   4    4    9.924110E-05
   4    5    9.916380E-05
   4    6    9.900230E-05
   4    7    9.902600E-05
   4    8    9.913300E-05
   4    9    2.501940E-02

   5    0    2.505154E-02
   5    1    9.932610E-05
   5    2    9.927080E-05
   5    3    9.920630E-05
   5    4    9.926140E-05
   5    5    9.919570E-05
   5    6    9.905430E-05
   5    7    9.906650E-05
   5    8    9.906710E-05
   5    9    2.496636E-02

   6    0    2.495000E-02
   6    1    9.946360E-05
   6    2    9.931670E-05
   6    3    9.923080E-05
   6    4    9.918160E-05
   6    5    9.906270E-05
   6    6    9.893860E-05
   6    7    9.899260E-05
   6    8    9.902170E-05
   6    9    2.478415E-02

   7    0    2.494422E-02
   7    1    9.935840E-05
   7    2    9.924900E-05
   7    3    9.915580E-05
   7    4    9.902600E-05
   7    5    9.892630E-05
   7    6    9.892060E-05
   7    7    9.894030E-05
   7    8    9.886400E-05
   7    9    2.473437E-02

   8    0    2.490046E-02
   8    1    9.926620E-05
   8    2    9.915880E-05
   8    3    9.913260E-05
   8    4    9.910230E-05
   8    5    9.908250E-05
   8    6    9.908990E-05
   8    7    9.900540E-05
   8    8    9.874150E-05
   8    9    2.483372E-02

   9    0    4.969647E-02
   9    1    2.492798E-02
   9    2    2.480142E-02
   9    3    2.494189E-02
   9    4    2.489413E-02
   9    5    2.474939E-02
   9    6    2.482744E-02
   9    7    2.466631E-02
   9    8    2.472610E-02
   9    9    4.932147E-02

