# TCRW Fig 2 current Jomega for omega = 0.00
# D_r =  1.000E-03   T =    10000000000
# columns:  x  y  Jx  Jy  |J|   (allowed sites only; counts/T_steps)
   0    0   2.400010E-05   0.000000E+00   2.400010E-05
   0    1   2.530160E-05  -2.400150E-05   3.487468E-05
   0    2   2.650390E-05  -2.529950E-05   3.664043E-05
   0    3   2.551340E-05  -2.650220E-05   3.678723E-05
   0    4   2.339850E-05  -2.551900E-05   3.462238E-05
   0    5   2.371090E-05  -2.339680E-05   3.331091E-05
   0    6   2.303670E-05  -2.371090E-05   3.305898E-05
   0    7   2.340830E-05  -2.303750E-05   3.284319E-05
   0    8   2.474390E-05  -2.340730E-05   3.406116E-05
   0    9   0.000000E+00  -2.474600E-05   2.474600E-05
   1    0   2.454440E-05   2.399980E-05   3.432809E-05
   1    1   9.547000E-07   7.581000E-07   1.219085E-06
   1    2  -6.246000E-07   1.543800E-06   1.665366E-06
   1    3  -1.459600E-06   8.427000E-07   1.685401E-06
   1    4  -8.790000E-08  -1.646900E-06   1.649244E-06
   1    5  -7.062000E-07  -1.717500E-06   1.857020E-06
   1    6  -1.072400E-06   3.423000E-07   1.125705E-06
   1    7   2.130300E-06   7.713000E-07   2.265631E-06
   1    8   5.761000E-07  -4.240000E-07   7.153092E-07
   1    9  -2.474710E-05  -2.398250E-05   3.446127E-05
   2    0   2.668910E-05   2.454300E-05   3.625834E-05
   2    1   9.136000E-07  -1.733000E-06   1.959070E-06
   2    2   1.860500E-06  -7.821000E-07   2.018202E-06
   2    3   2.242300E-06  -1.776700E-06   2.860869E-06
   2    4   1.316800E-06  -1.486800E-06   1.986086E-06
   2    5  -1.707000E-06  -3.667200E-06   4.045022E-06
   2    6   2.221600E-06  -1.085000E-06   2.472394E-06
   2    7   2.331900E-06   2.536000E-07   2.345649E-06
   2    8   7.122000E-07  -9.815000E-07   1.212671E-06
   2    9  -2.398410E-05  -2.587720E-05   3.528267E-05
   3    0   2.670540E-05   2.668970E-05   3.775604E-05
   3    1   2.029000E-07  -1.246700E-06   1.263103E-06
   3    2   4.472000E-07  -7.600000E-08   4.536120E-07
   3    3  -3.021100E-06   1.009000E-06   3.185141E-06
   3    4  -2.679600E-06   2.560500E-06   3.706267E-06
   3    5  -2.053800E-06  -5.169000E-07   2.117848E-06
   3    6   1.897000E-07   6.113000E-07   6.400576E-07
   3    7  -1.817700E-06   1.059000E-06   2.103691E-06
   3    8   1.349800E-06   2.775000E-06   3.085869E-06
   3    9  -2.587320E-05  -2.631680E-05   3.690524E-05
   4    0   2.723160E-05   2.670550E-05   3.814110E-05
   4    1  -1.015700E-06  -3.399000E-07   1.071064E-06
   4    2  -2.551200E-06   2.172000E-07   2.560429E-06
   4    3  -1.825100E-06  -5.487000E-07   1.905797E-06
   4    4   4.161000E-07   1.622000E-07   4.465961E-07
   4    5   9.261000E-07   8.890000E-08   9.303571E-07
   4    6  -1.395700E-06  -1.257800E-06   1.878840E-06
   4    7  -1.251400E-06   1.905000E-07   1.265817E-06
   4    8  -6.999000E-07   3.661600E-06   3.727891E-06
   4    9  -2.632000E-05  -2.239780E-05   3.456015E-05
   5    0   2.490830E-05   2.723400E-05   3.690683E-05
   5    1  -2.121000E-06   7.793000E-07   2.259635E-06
   5    2  -5.109000E-07  -7.655000E-07   9.203310E-07
   5    3   2.466200E-06  -1.098100E-06   2.699623E-06
   5    4   2.823300E-06  -2.603900E-06   3.840744E-06
   5    5   2.276000E-06  -1.735800E-06   2.862373E-06
   5    6  -9.751000E-07  -3.577900E-06   3.708394E-06
   5    7   1.113100E-06  -1.531900E-06   1.893597E-06
   5    8  -1.570100E-06  -1.622900E-06   2.258101E-06
   5    9  -2.240260E-05  -2.108780E-05   3.076641E-05
   6    0   2.334550E-05   2.490680E-05   3.413739E-05
   6    1  -1.450100E-06   1.773000E-06   2.290484E-06
   6    2   5.651000E-07   1.719600E-06   1.810072E-06
   6    3   1.518600E-06   1.139800E-06   1.898760E-06
   6    4  -5.657000E-07   2.055000E-07   6.018694E-07
   6    5  -9.463000E-07   2.362000E-07   9.753328E-07
   6    6  -1.415300E-06  -1.766200E-06   2.263302E-06
   6    7   7.446000E-07  -1.052600E-06   1.289339E-06
   6    8  -1.282200E-06  -3.844900E-06   4.053060E-06
   6    9  -2.108460E-05  -2.274480E-05   3.101429E-05
   7    0   2.488880E-05   2.334780E-05   3.412583E-05
   7    1   1.859200E-06  -1.436200E-06   2.349318E-06
   7    2   8.993000E-07   4.740000E-07   1.016571E-06
   7    3  -2.401300E-06   2.343000E-06   3.354980E-06
   7    4  -6.583000E-07   2.973800E-06   3.045791E-06
   7    5  -2.741900E-06  -8.200000E-08   2.743126E-06
   7    6  -2.475000E-06   1.559600E-06   2.925402E-06
   7    7  -9.844000E-07   1.452400E-06   1.754568E-06
   7    8  -1.038700E-06  -1.345000E-06   1.699389E-06
   7    9  -2.274620E-05  -2.388820E-05   3.298539E-05
   8    0   2.428690E-05   2.488790E-05   3.477443E-05
   8    1   9.860000E-07   9.193000E-07   1.348076E-06
   8    2  -1.247700E-06  -1.517100E-06   1.964268E-06
   8    3   1.095800E-06  -6.848000E-07   1.292180E-06
   8    4   2.539200E-06   5.882000E-07   2.606437E-06
   8    5  -2.362400E-06  -2.300700E-06   3.297598E-06
   8    6   2.722200E-06  -1.902000E-07   2.728837E-06
   8    7   3.287400E-06  -2.149300E-06   3.927657E-06
   8    8   2.732900E-06  -2.877300E-06   3.968324E-06
   8    9  -2.388510E-05  -2.682200E-05   3.591542E-05
   9    0   0.000000E+00   2.428890E-05   2.428890E-05
   9    1  -2.428890E-05   2.587060E-05   3.548575E-05
   9    2  -2.587000E-05   2.395980E-05   3.526087E-05
   9    3  -2.395810E-05   2.544800E-05   3.495127E-05
   9    4  -2.544710E-05   2.581300E-05   3.624729E-05
   9    5  -2.581450E-05   2.367400E-05   3.502637E-05
   9    6  -2.367110E-05   2.623110E-05   3.533259E-05
   9    7  -2.623300E-05   2.677080E-05   3.748128E-05
   9    8  -2.676800E-05   2.681620E-05   3.788977E-05
   9    9  -2.682020E-05   0.000000E+00   2.682020E-05
