# TCRW Fig 3(a)  P_edge/P_bulk vs D_r  (ω = 1, OBC)
# T_floor =    100000000   N_burn_floor =     10000000
# T_use = max(T_floor,  100.0*L^2/D_r);    N_burn_use = max(N_burn_floor,   10.0*L^2/D_r)
# seed    = 20260419
# columns:  L   D_r   ratio   P_edge_norm   P_bulk_norm   n_edge   n_bulk
  4   1.00000E-04   3.13602E+03   6.24888E-02   1.99261E-05       16          9
  4   1.46639E-04   1.95168E+03   6.24820E-02   3.20144E-05       16          9
  4   2.15030E-04   2.09148E+03   6.24832E-02   2.98751E-05       16          9
  4   3.15319E-04   1.02863E+03   6.24658E-02   6.07271E-05       16          9
  4   4.62381E-04   8.03966E+02   6.24563E-02   7.76852E-05       16          9
  4   6.78032E-04   4.97831E+02   6.24295E-02   1.25403E-04       16          9
  4   9.94260E-04   3.96760E+02   6.24115E-02   1.57303E-04       16          9
  4   1.45797E-03   2.27271E+02   6.23457E-02   2.74323E-04       16          9
  4   2.13796E-03   1.66483E+02   6.22895E-02   3.74150E-04       16          9
  4   3.13509E-03   1.06311E+02   6.21710E-02   5.84801E-04       16          9
  4   4.59727E-03   6.37058E+01   6.19530E-02   9.72486E-04       16          9
  4   6.74140E-03   4.57881E+01   6.17415E-02   1.34842E-03       16          9
  4   9.88553E-03   3.27625E+01   6.14451E-02   1.87547E-03       16          9
  4   1.44961E-02   2.17985E+01   6.09278E-02   2.79505E-03       16          9
  4   2.12569E-02   1.52040E+01   6.02702E-02   3.96411E-03       16          9
  4   3.11709E-02   1.06561E+01   5.93662E-02   5.57111E-03       16          9
  4   4.57088E-02   7.49732E+00   5.81381E-02   7.75451E-03       16          9
  4   6.70270E-02   5.35124E+00   5.65552E-02   1.05686E-02       16          9
  4   9.82879E-02   3.86611E+00   5.45616E-02   1.41128E-02       16          9
  4   1.44129E-01   2.86084E+00   5.22304E-02   1.82570E-02       16          9
  4   2.11349E-01   2.16937E+00   4.96310E-02   2.28781E-02       16          9
  4   3.09920E-01   1.69639E+00   4.69365E-02   2.76684E-02       16          9
  4   4.54465E-01   1.37468E+00   4.43518E-02   3.22635E-02       16          9
  4   6.66423E-01   1.15701E+00   4.20545E-02   3.63476E-02       16          9
  4   9.77237E-01   1.00586E+00   4.00840E-02   3.98506E-02       16          9
  9   1.00000E-04   2.04120E+03   2.77536E-02   1.35967E-05       36         64
  9   1.46639E-04   1.41830E+03   2.77430E-02   1.95608E-05       36         64
  9   2.15030E-04   1.05787E+03   2.77312E-02   2.62141E-05       36         64
  9   3.15319E-04   1.00954E+03   2.77289E-02   2.74670E-05       36         64
  9   4.62381E-04   4.97354E+02   2.76788E-02   5.56522E-05       36         64
  9   6.78032E-04   1.91632E+02   2.75225E-02   1.43621E-04       36         64
  9   9.94260E-04   3.01576E+02   2.76150E-02   9.15691E-05       36         64
  9   1.45797E-03   2.50824E+02   2.75823E-02   1.09967E-04       36         64
  9   2.13796E-03   1.19028E+02   2.73690E-02   2.29938E-04       36         64
  9   3.13509E-03   7.57266E+01   2.71406E-02   3.58403E-04       36         64
  9   4.59727E-03   5.99724E+01   2.69781E-02   4.49841E-04       36         64
  9   6.74140E-03   4.37141E+01   2.66922E-02   6.10610E-04       36         64
  9   9.88553E-03   2.86829E+01   2.61566E-02   9.11922E-04       36         64
  9   1.44961E-02   1.92077E+01   2.54246E-02   1.32366E-03       36         64
  9   2.12569E-02   1.38950E+01   2.46269E-02   1.77235E-03       36         64
  9   3.11709E-02   9.64251E+00   2.34537E-02   2.43232E-03       36         64
  9   4.57088E-02   6.83694E+00   2.20454E-02   3.22446E-03       36         64
  9   6.70270E-02   4.87757E+00   2.03578E-02   4.17375E-03       36         64
  9   9.82879E-02   3.56170E+00   1.85292E-02   5.20234E-03       36         64
  9   1.44129E-01   2.65066E+00   1.66265E-02   6.27259E-03       36         64
  9   2.11349E-01   2.03663E+00   1.48314E-02   7.28232E-03       36         64
  9   3.09920E-01   1.62043E+00   1.32458E-02   8.17423E-03       36         64
  9   4.54465E-01   1.33442E+00   1.19103E-02   8.92545E-03       36         64
  9   6.66423E-01   1.13848E+00   1.08442E-02   9.52516E-03       36         64
  9   9.77237E-01   1.00708E+00   1.00452E-02   9.97459E-03       36         64
 19   1.00000E-04   1.98389E+03   1.31297E-02   6.61815E-06       76        324
 19   1.46639E-04   1.76725E+03   1.31262E-02   7.42751E-06       76        324
 19   2.15030E-04   1.59863E+03   1.31229E-02   8.20885E-06       76        324
 19   3.15319E-04   8.33141E+02   1.30909E-02   1.57127E-05       76        324
 19   4.62381E-04   6.28868E+02   1.30693E-02   2.07823E-05       76        324
 19   6.78032E-04   4.35691E+02   1.30304E-02   2.99074E-05       76        324
 19   9.94260E-04   2.91917E+02   1.29685E-02   4.44252E-05       76        324
 19   1.45797E-03   1.53296E+02   1.28019E-02   8.35109E-05       76        324
 19   2.13796E-03   1.01148E+02   1.26257E-02   1.24825E-04       76        324
 19   3.13509E-03   8.67954E+01   1.25419E-02   1.44499E-04       76        324
 19   4.59727E-03   5.42424E+01   1.21991E-02   2.24900E-04       76        324
 19   6.74140E-03   4.03650E+01   1.19010E-02   2.94834E-04       76        324
 19   9.88553E-03   2.61436E+01   1.13131E-02   4.32729E-04       76        324
 19   1.44961E-02   1.89679E+01   1.07433E-02   5.66393E-04       76        324
 19   2.12569E-02   1.31084E+01   9.92881E-03   7.57440E-04       76        324
 19   3.11709E-02   9.19337E+00   8.98935E-03   9.77807E-04       76        324
 19   4.57088E-02   6.45106E+00   7.92241E-03   1.22808E-03       76        324
 19   6.70270E-02   4.64369E+00   6.86002E-03   1.47728E-03       76        324
 19   9.82879E-02   3.42544E+00   5.86213E-03   1.71135E-03       76        324
 19   1.44129E-01   2.55458E+00   4.93022E-03   1.92995E-03       76        324
 19   2.11349E-01   1.97887E+00   4.17137E-03   2.10795E-03       76        324
 19   3.09920E-01   1.58240E+00   3.56186E-03   2.25092E-03       76        324
 19   4.54465E-01   1.31553E+00   3.10281E-03   2.35860E-03       76        324
 19   6.66423E-01   1.13315E+00   2.76298E-03   2.43831E-03       76        324
 19   9.77237E-01   1.01873E+00   2.53780E-03   2.49113E-03       76        324
 49   1.00000E-04   2.99134E+03   5.08207E-03   1.69893E-06      196       2304
 49   1.46639E-04   1.91412E+03   5.07090E-03   2.64920E-06      196       2304
 49   2.15030E-04   1.30190E+03   5.05639E-03   3.88385E-06      196       2304
 49   3.15319E-04   1.17843E+03   5.05165E-03   4.28678E-06      196       2304
 49   4.62381E-04   5.58409E+02   4.99685E-03   8.94837E-06      196       2304
 49   6.78032E-04   5.37726E+02   4.99289E-03   9.28519E-06      196       2304
 49   9.94260E-04   2.65854E+02   4.88600E-03   1.83785E-05      196       2304
 49   1.45797E-03   2.00088E+02   4.81893E-03   2.40841E-05      196       2304
 49   2.13796E-03   1.65913E+02   4.76447E-03   2.87166E-05      196       2304
 49   3.13509E-03   8.54810E+01   4.48524E-03   5.24706E-05      196       2304
 49   4.59727E-03   5.74495E+01   4.23541E-03   7.37240E-05      196       2304
 49   6.74140E-03   3.94305E+01   3.93032E-03   9.96773E-05      196       2304
 49   9.88553E-03   2.49877E+01   3.46975E-03   1.38858E-04      196       2304
 49   1.44961E-02   1.77359E+01   3.06837E-03   1.73003E-04      196       2304
 49   2.12569E-02   1.29394E+01   2.67336E-03   2.06606E-04      196       2304
 49   3.11709E-02   8.58032E+00   2.15275E-03   2.50894E-04      196       2304
 49   4.57088E-02   6.48392E+00   1.81376E-03   2.79732E-04      196       2304
 49   6.70270E-02   4.63009E+00   1.44172E-03   3.11381E-04      196       2304
 49   9.82879E-02   3.31834E+00   1.12319E-03   3.38479E-04      196       2304
 49   1.44129E-01   2.47204E+00   8.86505E-04   3.58613E-04      196       2304
 49   2.11349E-01   1.97160E+00   7.32820E-04   3.71687E-04      196       2304
 49   3.09920E-01   1.56748E+00   6.00286E-04   3.82962E-04      196       2304
 49   4.54465E-01   1.31187E+00   5.12223E-04   3.90453E-04      196       2304
 49   6.66423E-01   1.12902E+00   4.47084E-04   3.95995E-04      196       2304
 49   9.77237E-01   1.00456E+00   4.01681E-04   3.99857E-04      196       2304
