# TCRW Fig 1(d) MSD | omega =  0.30 | D_r =  1.000E-02 | T =    1000000 | N_traj =    500
# columns:  t   <|r|^2>
         1    9.860000E-01
         2    1.976000E+00
         3    2.780000E+00
         4    3.376000E+00
         5    4.222000E+00
         6    4.976000E+00
         7    5.624000E+00
         8    6.210000E+00
         9    6.978000E+00
        12    9.166000E+00
        16    1.247800E+01
        22    1.719600E+01
        29    2.159400E+01
        39    2.911800E+01
        51    3.587200E+01
        68    5.013400E+01
        91    6.862000E+01
       120    8.921800E+01
       159    1.189060E+02
       212    1.582920E+02
       281    2.070120E+02
       372    2.806960E+02
       494    3.630860E+02
       655    4.775920E+02
       868    6.689820E+02
      1151    8.358000E+02
      1526    1.074234E+03
      2023    1.429488E+03
      2682    1.930074E+03
      3556    2.650656E+03
      4714    3.667656E+03
      6250    4.630894E+03
      8286    6.203272E+03
     10985    7.758480E+03
     14563    1.074877E+04
     19306    1.452450E+04
     25595    1.874164E+04
     33932    2.578051E+04
     44984    3.322533E+04
     59636    4.557102E+04
     79060    5.860287E+04
    104811    7.448888E+04
    138949    9.673365E+04
    184206    1.298335E+05
    244205    1.753065E+05
    323745    2.355857E+05
    429193    3.187663E+05
    568986    4.114078E+05
    754312    5.495754E+05
   1000000    7.499588E+05
