# TCRW Fig 3(h)/(i): per-site left-wall currents  (L = 10, D_r = 10^-3)
# T_use = max(T_floor,  300.0*max(L^2,1/D_r)/D_r);  N_burn_use = max(N_burn_floor,   30.0*max(L^2,1/D_r)/D_r)
# L = 10 (sites = 11)   D_r =  1.0000E-03   seed = 20260424
# columns:  iW  ω  y  Jx_Dr  Jy_Dr  Jx_om  Jy_om  |J_Dr|  th_Dr  |J_om|  th_om  T_use  |J_Dr|/T  |J_om|/T
   1   0.0000   0              3           6763           4298              0   6.76300E+03    1.57035   4.29800E+03    0.00000   3.00000E+08   2.25433E-05   1.43267E-05
   1   0.0000   1              6           6755           6305          -4293   6.75500E+03    1.56991   7.62777E+03   -0.59778   3.00000E+08   2.25167E-05   2.54259E-05
   1   0.0000   2              6           6758           7267          -6303   6.75800E+03    1.56991   9.61962E+03   -0.71448   3.00000E+08   2.25267E-05   3.20654E-05
   1   0.0000   3              7           6756           6553          -7268   6.75600E+03    1.56976   9.78599E+03   -0.83708   3.00000E+08   2.25200E-05   3.26200E-05
   1   0.0000   4             13           6745           7546          -6547   6.74501E+03    1.56887   9.99026E+03   -0.71463   3.00000E+08   2.24834E-05   3.33009E-05
   1   0.0000   5              6           6758           5355          -7556   6.75800E+03    1.56991   9.26116E+03   -0.95425   3.00000E+08   2.25267E-05   3.08705E-05
   1   0.0000   6              9           6754           5233          -5350   6.75401E+03    1.56946   7.48377E+03   -0.79645   3.00000E+08   2.25134E-05   2.49459E-05
   1   0.0000   7             10           6752           6499          -5235   6.75201E+03    1.56932   8.34519E+03   -0.67809   3.00000E+08   2.25067E-05   2.78173E-05
   1   0.0000   8              1           6756           6113          -6500   6.75600E+03    1.57065   8.92293E+03   -0.81607   3.00000E+08   2.25200E-05   2.97431E-05
   1   0.0000   9              3           6762           6309          -6112   6.76200E+03    1.57035   8.78408E+03   -0.76954   3.00000E+08   2.25400E-05   2.92803E-05
   1   0.0000  10           6764             -9              0          -6306   6.76401E+03   -0.00133   6.30600E+03   -1.57080   3.00000E+08   2.25467E-05   2.10200E-05

   2   0.0500   0            342           6378           6459            343   6.38716E+03    1.51723   6.46810E+03    0.05305   3.00000E+08   2.12905E-05   2.15603E-05
   2   0.0500   1              4           6091           6563          -6133   6.09100E+03    1.57014   8.98258E+03   -0.75154   3.00000E+08   2.03033E-05   2.99419E-05
   2   0.0500   2              5           6088           6756          -5942   6.08800E+03    1.56998   8.99727E+03   -0.72138   3.00000E+08   2.02933E-05   2.99909E-05
   2   0.0500   3              6           6076           6091          -6085   6.07600E+03    1.56981   8.60973E+03   -0.78491   3.00000E+08   2.02533E-05   2.86991E-05
   2   0.0500   4              6           6074           6657          -5469   6.07400E+03    1.56981   8.61543E+03   -0.68774   3.00000E+08   2.02467E-05   2.87181E-05
   2   0.0500   5              7           6069           7227          -5990   6.06900E+03    1.56964   9.38667E+03   -0.69208   3.00000E+08   2.02300E-05   3.12889E-05
   2   0.0500   6              5           6045           7210          -6538   6.04500E+03    1.56997   9.73291E+03   -0.73656   3.00000E+08   2.01500E-05   3.24430E-05
   2   0.0500   7             10           5976           6464          -6467   5.97601E+03    1.56912   9.14360E+03   -0.78563   3.00000E+08   1.99200E-05   3.04787E-05
   2   0.0500   8              4           6008           6700          -5786   6.00800E+03    1.57013   8.85256E+03   -0.71233   3.00000E+08   2.00267E-05   2.95085E-05
   2   0.0500   9              5           6078           7010          -6006   6.07800E+03    1.56997   9.23104E+03   -0.70841   3.00000E+08   2.02600E-05   3.07701E-05
   2   0.0500  10           6433           -333            332          -6732   6.44161E+03   -0.05172   6.74018E+03   -1.52152   3.00000E+08   2.14720E-05   2.24673E-05

   3   0.1000   0            733           6047           6162            646   6.09126E+03    1.45017   6.19577E+03    0.10445   3.00000E+08   2.03042E-05   2.06526E-05
   3   0.1000   1              6           5307           6796          -5479   5.30700E+03    1.56967   8.72955E+03   -0.67852   3.00000E+08   1.76900E-05   2.90985E-05
   3   0.1000   2              8           5407           6929          -5508   5.40701E+03    1.56932   8.85150E+03   -0.67164   3.00000E+08   1.80234E-05   2.95050E-05
   3   0.1000   3             10           5327           6675          -5514   5.32701E+03    1.56892   8.65793E+03   -0.69043   3.00000E+08   1.77567E-05   2.88598E-05
   3   0.1000   4              7           5367           6781          -5294   5.36700E+03    1.56949   8.60281E+03   -0.66287   3.00000E+08   1.78900E-05   2.86760E-05
   3   0.1000   5              8           5408           6929          -5432   5.40801E+03    1.56932   8.80441E+03   -0.66488   3.00000E+08   1.80267E-05   2.93480E-05
   3   0.1000   6              4           5421           6640          -5621   5.42100E+03    1.57006   8.69973E+03   -0.70248   3.00000E+08   1.80700E-05   2.89991E-05
   3   0.1000   7              7           5467           6696          -5365   5.46700E+03    1.56952   8.58019E+03   -0.67549   3.00000E+08   1.82233E-05   2.86006E-05
   3   0.1000   8              8           5443           6767          -5350   5.44301E+03    1.56933   8.62640E+03   -0.66898   3.00000E+08   1.81434E-05   2.87547E-05
   3   0.1000   9              7           5375           6780          -5380   5.37500E+03    1.56949   8.65522E+03   -0.67077   3.00000E+08   1.79167E-05   2.88507E-05
   3   0.1000  10           6154           -677            661          -6098   6.19113E+03   -0.10957   6.13372E+03   -1.46282   3.00000E+08   2.06371E-05   2.04457E-05

   4   0.1500   0            966           5647           5421           1039   5.72903E+03    1.40137   5.51967E+03    0.18937   3.00000E+08   1.90968E-05   1.83989E-05
   4   0.1500   1              4           4639           6494          -4363   4.63900E+03    1.56993   7.82354E+03   -0.59158   3.00000E+08   1.54633E-05   2.60785E-05
   4   0.1500   2              3           4776           6700          -4585   4.77600E+03    1.57017   8.11863E+03   -0.60013   3.00000E+08   1.59200E-05   2.70621E-05
   4   0.1500   3              6           4664           6815          -4649   4.66400E+03    1.56951   8.24969E+03   -0.59866   3.00000E+08   1.55467E-05   2.74990E-05
   4   0.1500   4              5           4636           6834          -4732   4.63600E+03    1.56972   8.31236E+03   -0.60562   3.00000E+08   1.54533E-05   2.77079E-05
   4   0.1500   5              9           4643           6675          -4781   4.64301E+03    1.56886   8.21058E+03   -0.62155   3.00000E+08   1.54767E-05   2.73686E-05
   4   0.1500   6              8           4737           6790          -4655   4.73701E+03    1.56911   8.23244E+03   -0.60097   3.00000E+08   1.57900E-05   2.74415E-05
   4   0.1500   7              3           4752           6795          -4770   4.75200E+03    1.57017   8.30210E+03   -0.61206   3.00000E+08   1.58400E-05   2.76737E-05
   4   0.1500   8             10           4682           7015          -4799   4.68201E+03    1.56866   8.49945E+03   -0.59998   3.00000E+08   1.56067E-05   2.83315E-05
   4   0.1500   9              3           4643           6556          -4900   4.64300E+03    1.57015   8.18481E+03   -0.64184   3.00000E+08   1.54767E-05   2.72827E-05
   4   0.1500  10           5759           -993            994          -5553   5.84398E+03   -0.17075   5.64126E+03   -1.39367   3.00000E+08   1.94799E-05   1.88042E-05

   5   0.2000   0           1367           5423           5244           1365   5.59264E+03    1.32387   5.41874E+03    0.25465   3.00000E+08   1.86421E-05   1.80625E-05
   5   0.2000   1             13           3966           6801          -3823   3.96602E+03    1.56752   7.80185E+03   -0.51210   3.00000E+08   1.32201E-05   2.60062E-05
   5   0.2000   2              5           3980           6699          -4073   3.98000E+03    1.56954   7.84002E+03   -0.54628   3.00000E+08   1.32667E-05   2.61334E-05
   5   0.2000   3              5           3921           6640          -4066   3.92100E+03    1.56952   7.78601E+03   -0.54945   3.00000E+08   1.30700E-05   2.59534E-05
   5   0.2000   4              6           4077           6989          -4040   4.07700E+03    1.56932   8.07265E+03   -0.52412   3.00000E+08   1.35900E-05   2.69088E-05
   5   0.2000   5             10           3996           6679          -4223   3.99601E+03    1.56829   7.90207E+03   -0.56382   3.00000E+08   1.33200E-05   2.63402E-05
   5   0.2000   6              5           4021           7022          -4210   4.02100E+03    1.56955   8.18734E+03   -0.54008   3.00000E+08   1.34033E-05   2.72911E-05
   5   0.2000   7              9           4006           6874          -4215   4.00601E+03    1.56855   8.06338E+03   -0.55005   3.00000E+08   1.33534E-05   2.68779E-05
   5   0.2000   8              6           4028           6718          -4204   4.02800E+03    1.56931   7.92497E+03   -0.55916   3.00000E+08   1.34267E-05   2.64166E-05
   5   0.2000   9              8           4032           6633          -4029   4.03201E+03    1.56881   7.76077E+03   -0.54586   3.00000E+08   1.34400E-05   2.58692E-05
   5   0.2000  10           5398          -1348           1310          -5289   5.56377E+03   -0.24472   5.44882E+03   -1.32800   3.00000E+08   1.85459E-05   1.81627E-05

   6   0.2500   0           1693           5055           5065           1780   5.33097E+03    1.24762   5.36867E+03    0.33795   3.00000E+08   1.77699E-05   1.78956E-05
   6   0.2500   1              3           3514           6967          -3453   3.51400E+03    1.56994   7.77575E+03   -0.46014   3.00000E+08   1.17133E-05   2.59192E-05
   6   0.2500   2              6           3290           6893          -3468   3.29001E+03    1.56897   7.71625E+03   -0.46614   3.00000E+08   1.09667E-05   2.57208E-05
   6   0.2500   3              7           3445           6887          -3447   3.44501E+03    1.56876   7.70147E+03   -0.46405   3.00000E+08   1.14834E-05   2.56716E-05
   6   0.2500   4              8           3407           6801          -3566   3.40701E+03    1.56845   7.67919E+03   -0.48293   3.00000E+08   1.13567E-05   2.55973E-05
   6   0.2500   5              6           3325           6844          -3404   3.32501E+03    1.56899   7.64379E+03   -0.46154   3.00000E+08   1.10834E-05   2.54793E-05
   6   0.2500   6              9           3371           6805          -3514   3.37101E+03    1.56813   7.65873E+03   -0.47667   3.00000E+08   1.12367E-05   2.55291E-05
   6   0.2500   7              3           3306           6706          -3509   3.30600E+03    1.56989   7.56859E+03   -0.48208   3.00000E+08   1.10200E-05   2.52286E-05
   6   0.2500   8              8           3490           6707          -3427   3.49001E+03    1.56850   7.53181E+03   -0.47238   3.00000E+08   1.16334E-05   2.51060E-05
   6   0.2500   9              6           3344           6394          -3445   3.34401E+03    1.56900   7.26301E+03   -0.49419   3.00000E+08   1.11467E-05   2.42100E-05
   6   0.2500  10           4913          -1696           1703          -4731   5.19750E+03   -0.33240   5.02818E+03   -1.22527   3.00000E+08   1.73250E-05   1.67606E-05

   7   0.3000   0           2016           4735           4744           2040   5.14631E+03    1.16828   5.16402E+03    0.40611   3.00000E+08   1.71544E-05   1.72134E-05
   7   0.3000   1              9           2627           6705          -2783   2.62702E+03    1.56737   7.25962E+03   -0.39342   3.00000E+08   8.75672E-06   2.41987E-05
   7   0.3000   2              1           2745           6635          -2605   2.74500E+03    1.57043   7.12806E+03   -0.37412   3.00000E+08   9.15000E-06   2.37602E-05
   7   0.3000   3              9           2738           6813          -2746   2.73801E+03    1.56751   7.34558E+03   -0.38314   3.00000E+08   9.12672E-06   2.44853E-05
   7   0.3000   4             10           2676           6650          -2701   2.67602E+03    1.56706   7.17760E+03   -0.38581   3.00000E+08   8.92006E-06   2.39253E-05
   7   0.3000   5              5           2787           6773          -2643   2.78700E+03    1.56900   7.27042E+03   -0.37205   3.00000E+08   9.29001E-06   2.42347E-05
   7   0.3000   6              4           2657           6793          -2753   2.65700E+03    1.56929   7.32966E+03   -0.38504   3.00000E+08   8.85668E-06   2.44322E-05
   7   0.3000   7              9           2723           6966          -2603   2.72301E+03    1.56749   7.43645E+03   -0.35761   3.00000E+08   9.07672E-06   2.47882E-05
   7   0.3000   8             11           2734           6998          -2835   2.73402E+03    1.56677   7.55045E+03   -0.38491   3.00000E+08   9.11341E-06   2.51682E-05
   7   0.3000   9              5           2764           6782          -2825   2.76400E+03    1.56899   7.34685E+03   -0.39469   3.00000E+08   9.21335E-06   2.44895E-05
   7   0.3000  10           4860          -2047           2096          -4719   5.27350E+03   -0.39864   5.16354E+03   -1.15281   3.00000E+08   1.75783E-05   1.72118E-05

   8   0.3500   0           2346           4397           4263           2392   4.98371E+03    1.08067   4.88823E+03    0.51133   3.00000E+08   1.66124E-05   1.62941E-05
   8   0.3500   1             10           1866           6787          -1879   1.86603E+03    1.56544   7.04230E+03   -0.27009   3.00000E+08   6.22009E-06   2.34743E-05
   8   0.3500   2              4           1975           6537          -1963   1.97500E+03    1.56877   6.82537E+03   -0.29172   3.00000E+08   6.58335E-06   2.27512E-05
   8   0.3500   3             11           1985           6769          -1858   1.98503E+03    1.56525   7.01937E+03   -0.26789   3.00000E+08   6.61677E-06   2.33979E-05
   8   0.3500   4              5           2005           6743          -1964   2.00501E+03    1.56830   7.02320E+03   -0.28342   3.00000E+08   6.68335E-06   2.34107E-05
   8   0.3500   5              9           2106           6802          -2055   2.10602E+03    1.56652   7.10565E+03   -0.29340   3.00000E+08   7.02006E-06   2.36855E-05
   8   0.3500   6              9           2075           6674          -2163   2.07502E+03    1.56646   7.01576E+03   -0.31341   3.00000E+08   6.91673E-06   2.33859E-05
   8   0.3500   7              9           1955           6674          -1882   1.95502E+03    1.56619   6.93428E+03   -0.27485   3.00000E+08   6.51674E-06   2.31143E-05
   8   0.3500   8              7           2114           6764          -2034   2.11401E+03    1.56749   7.06320E+03   -0.29211   3.00000E+08   7.04671E-06   2.35440E-05
   8   0.3500   9              8           2054           6779          -2076   2.05402E+03    1.56690   7.08975E+03   -0.29717   3.00000E+08   6.84672E-06   2.36325E-05
   8   0.3500  10           4438          -2431           2310          -4404   5.06020E+03   -0.50113   4.97306E+03   -1.08772   3.00000E+08   1.68673E-05   1.65769E-05

   9   0.4000   0           2707           4255           4159           2809   5.04310E+03    1.00419   5.01874E+03    0.59403   3.00000E+08   1.68103E-05   1.67291E-05
   9   0.4000   1              8           1287           6834          -1498   1.28702E+03    1.56458   6.99625E+03   -0.21579   3.00000E+08   4.29008E-06   2.33208E-05
   9   0.4000   2              7           1390           6719          -1395   1.39002E+03    1.56576   6.86229E+03   -0.20471   3.00000E+08   4.63339E-06   2.28743E-05
   9   0.4000   3              6           1313           6620          -1325   1.31301E+03    1.56623   6.75130E+03   -0.19754   3.00000E+08   4.37671E-06   2.25043E-05
   9   0.4000   4              7           1345           6695          -1373   1.34502E+03    1.56559   6.83434E+03   -0.20227   3.00000E+08   4.48339E-06   2.27811E-05
   9   0.4000   5              5           1411           6742          -1327   1.41101E+03    1.56725   6.87135E+03   -0.19434   3.00000E+08   4.70336E-06   2.29045E-05
   9   0.4000   6              5           1413           6695          -1387   1.41301E+03    1.56726   6.83716E+03   -0.20428   3.00000E+08   4.71003E-06   2.27905E-05
   9   0.4000   7              2           1372           6775          -1496   1.37200E+03    1.56934   6.93820E+03   -0.21732   3.00000E+08   4.57334E-06   2.31273E-05
   9   0.4000   8              6           1320           6638          -1300   1.32001E+03    1.56625   6.76410E+03   -0.19339   3.00000E+08   4.40005E-06   2.25470E-05
   9   0.4000   9              6           1425           6777          -1326   1.42501E+03    1.56659   6.90551E+03   -0.19322   3.00000E+08   4.75004E-06   2.30184E-05
   9   0.4000  10           4042          -2816           2653          -3937   4.92622E+03   -0.60850   4.74746E+03   -0.97783   3.00000E+08   1.64207E-05   1.58249E-05

  10   0.4500   0           3165           3627           3691           3046   4.81377E+03    0.85331   4.78556E+03    0.68995   3.00000E+08   1.60459E-05   1.59519E-05
  10   0.4500   1              1            694           6715           -674   6.94001E+02    1.56936   6.74874E+03   -0.10004   3.00000E+08   2.31334E-06   2.24958E-05
  10   0.4500   2              5            761           6746           -758   7.61016E+02    1.56423   6.78845E+03   -0.11189   3.00000E+08   2.53672E-06   2.26282E-05
  10   0.4500   3             11            806           6655           -613   8.06075E+02    1.55715   6.68317E+03   -0.09185   3.00000E+08   2.68692E-06   2.22772E-05
  10   0.4500   4              5            921           6688           -756   9.21014E+02    1.56537   6.73059E+03   -0.11256   3.00000E+08   3.07005E-06   2.24353E-05
  10   0.4500   5              5            607           6741           -627   6.07021E+02    1.56256   6.77010E+03   -0.09275   3.00000E+08   2.02340E-06   2.25670E-05
  10   0.4500   6              5            712           6653           -592   7.12018E+02    1.56377   6.67929E+03   -0.08875   3.00000E+08   2.37339E-06   2.22643E-05
  10   0.4500   7              9            673           6869           -600   6.73060E+02    1.55742   6.89515E+03   -0.08713   3.00000E+08   2.24353E-06   2.29838E-05
  10   0.4500   8             13            706           6772           -746   7.06120E+02    1.55238   6.81297E+03   -0.10972   3.00000E+08   2.35373E-06   2.27099E-05
  10   0.4500   9              8            749           6661           -734   7.49043E+02    1.56012   6.70132E+03   -0.10975   3.00000E+08   2.49681E-06   2.23377E-05
  10   0.4500  10           3749          -2995           3041          -3758   4.79844E+03   -0.67406   4.83428E+03   -0.89047   3.00000E+08   1.59948E-05   1.61143E-05

  11   0.5000   0           3455           3385           3500           3506   4.83686E+03    0.77516   4.95399E+03    0.78625   3.00000E+08   1.61229E-05   1.65133E-05
  11   0.5000   1              4             39           6765             82   3.92046E+01    1.46859   6.76550E+03    0.01212   3.00000E+08   1.30682E-07   2.25517E-05
  11   0.5000   2             16             47           6897            -66   4.96488E+01    1.24268   6.89732E+03   -0.00957   3.00000E+08   1.65496E-07   2.29911E-05
  11   0.5000   3              7            -97           6761            -64   9.72522E+01   -1.49876   6.76130E+03   -0.00947   3.00000E+08   3.24174E-07   2.25377E-05
  11   0.5000   4              5              6           6778           -120   7.81025E+00    0.87606   6.77906E+03   -0.01770   3.00000E+08   2.60342E-08   2.25969E-05
  11   0.5000   5              4              2           6513           -184   4.47214E+00    0.46365   6.51560E+03   -0.02824   3.00000E+08   1.49071E-08   2.17187E-05
  11   0.5000   6             10              9           6428             58   1.34536E+01    0.73282   6.42826E+03    0.00902   3.00000E+08   4.48454E-08   2.14275E-05
  11   0.5000   7              2            -21           6746             94   2.10950E+01   -1.47584   6.74665E+03    0.01393   3.00000E+08   7.03167E-08   2.24888E-05
  11   0.5000   8              6            -79           6653             11   7.92275E+01   -1.49499   6.65301E+03    0.00165   3.00000E+08   2.64092E-07   2.21767E-05
  11   0.5000   9              6           -180           6519             44   1.80100E+02   -1.53748   6.51915E+03    0.00675   3.00000E+08   6.00333E-07   2.17305E-05
  11   0.5000  10           3261          -3232           3259          -3247   4.59129E+03   -0.78093   4.60044E+03   -0.78355   3.00000E+08   1.53043E-05   1.53348E-05

  12   0.5500   0           3739           2894           2932           3556   4.72815E+03    0.65869   4.60888E+03    0.88128   3.00000E+08   1.57605E-05   1.53629E-05
  12   0.5500   1              4           -618           6544            662   6.18013E+02   -1.56432   6.57740E+03    0.10082   3.00000E+08   2.06004E-06   2.19247E-05
  12   0.5500   2              6           -630           6468            581   6.30029E+02   -1.56127   6.49404E+03    0.08959   3.00000E+08   2.10010E-06   2.16468E-05
  12   0.5500   3              5           -662           6590            590   6.62019E+02   -1.56324   6.61636E+03    0.08929   3.00000E+08   2.20673E-06   2.20545E-05
  12   0.5500   4              2           -757           6407            861   7.57003E+02   -1.56815   6.46459E+03    0.13358   3.00000E+08   2.52334E-06   2.15486E-05
  12   0.5500   5              8           -597           6626            609   5.97054E+02   -1.55740   6.65393E+03    0.09165   3.00000E+08   1.99018E-06   2.21798E-05
  12   0.5500   6              6           -723           6596            769   7.23025E+02   -1.56250   6.64068E+03    0.11606   3.00000E+08   2.41008E-06   2.21356E-05
  12   0.5500   7              8           -643           6806            543   6.43050E+02   -1.55836   6.82763E+03    0.07961   3.00000E+08   2.14350E-06   2.27588E-05
  12   0.5500   8             11           -848           6616            742   8.48071E+02   -1.55783   6.65748E+03    0.11169   3.00000E+08   2.82690E-06   2.21916E-05
  12   0.5500   9              5           -703           6587            760   7.03018E+02   -1.56368   6.63070E+03    0.11487   3.00000E+08   2.34339E-06   2.21023E-05
  12   0.5500  10           3002          -3685           3694          -3011   4.75302E+03   -0.88718   4.76569E+03   -0.68388   3.00000E+08   1.58434E-05   1.58856E-05

  13   0.6000   0           3984           2640           2704           4082   4.77932E+03    0.58522   4.89636E+03    0.98574   3.00000E+08   1.59311E-05   1.63212E-05
  13   0.6000   1             13          -1264           6712           1417   1.26407E+03   -1.56051   6.85994E+03    0.20806   3.00000E+08   4.21356E-06   2.28665E-05
  13   0.6000   2              7          -1487           6665           1151   1.48702E+03   -1.56609   6.76365E+03    0.17101   3.00000E+08   4.95672E-06   2.25455E-05
  13   0.6000   3              3          -1154           6618           1362   1.15400E+03   -1.56820   6.75670E+03    0.20297   3.00000E+08   3.84668E-06   2.25223E-05
  13   0.6000   4              7          -1289           6741           1356   1.28902E+03   -1.56537   6.87603E+03    0.19851   3.00000E+08   4.29673E-06   2.29201E-05
  13   0.6000   5              5          -1398           6701           1241   1.39801E+03   -1.56722   6.81495E+03    0.18312   3.00000E+08   4.66003E-06   2.27165E-05
  13   0.6000   6              5          -1273           6613           1264   1.27301E+03   -1.56687   6.73272E+03    0.18886   3.00000E+08   4.24337E-06   2.24424E-05
  13   0.6000   7              7          -1463           6700           1449   1.46302E+03   -1.56601   6.85490E+03    0.21299   3.00000E+08   4.87672E-06   2.28497E-05
  13   0.6000   8              6          -1340           6732           1357   1.34001E+03   -1.56632   6.86741E+03    0.19891   3.00000E+08   4.46671E-06   2.28914E-05
  13   0.6000   9              8          -1234           6847           1377   1.23403E+03   -1.56431   6.98409E+03    0.19846   3.00000E+08   4.11342E-06   2.32803E-05
  13   0.6000  10           2762          -4100           4192          -2774   4.94355E+03   -0.97797   5.02672E+03   -0.58458   3.00000E+08   1.64785E-05   1.67557E-05

  14   0.6500   0           4279           2495           2380           4250   4.95327E+03    0.52789   4.87103E+03    1.06031   3.00000E+08   1.65109E-05   1.62368E-05
  14   0.6500   1             10          -2169           6607           2032   2.16902E+03   -1.56619   6.91241E+03    0.29837   3.00000E+08   7.23008E-06   2.30414E-05
  14   0.6500   2              8          -2118           6770           2107   2.11802E+03   -1.56702   7.09030E+03    0.30172   3.00000E+08   7.06005E-06   2.36343E-05
  14   0.6500   3              4          -1924           6592           2176   1.92400E+03   -1.56872   6.94186E+03    0.31884   3.00000E+08   6.41335E-06   2.31395E-05
  14   0.6500   4              4          -2014           7008           2178   2.01400E+03   -1.56881   7.33865E+03    0.30132   3.00000E+08   6.71335E-06   2.44622E-05
  14   0.6500   5              9          -2159           6893           2042   2.15902E+03   -1.56663   7.18910E+03    0.28801   3.00000E+08   7.19673E-06   2.39637E-05
  14   0.6500   6             11          -2062           6630           2007   2.06203E+03   -1.56546   6.92712E+03    0.29395   3.00000E+08   6.87343E-06   2.30904E-05
  14   0.6500   7              7          -1879           6615           1987   1.87901E+03   -1.56707   6.90698E+03    0.29180   3.00000E+08   6.26338E-06   2.30233E-05
  14   0.6500   8              4          -1959           6581           2037   1.95900E+03   -1.56875   6.88904E+03    0.30017   3.00000E+08   6.53001E-06   2.29635E-05
  14   0.6500   9              8          -1892           6602           1870   1.89202E+03   -1.56657   6.86173E+03    0.27602   3.00000E+08   6.30672E-06   2.28724E-05
  14   0.6500  10           2280          -4111           4201          -2287   4.70093E+03   -1.06442   4.78318E+03   -0.49853   3.00000E+08   1.56698E-05   1.59439E-05

  15   0.7000   0           4776           2114           2103           4788   5.22295E+03    0.41671   5.22949E+03    1.15694   3.00000E+08   1.74098E-05   1.74316E-05
  15   0.7000   1              5          -2906           6863           2799   2.90600E+03   -1.56908   7.41183E+03    0.38725   3.00000E+08   9.68668E-06   2.47061E-05
  15   0.7000   2              3          -2773           6859           2660   2.77300E+03   -1.56971   7.35673E+03    0.36996   3.00000E+08   9.24334E-06   2.45224E-05
  15   0.7000   3              6          -2723           6730           2675   2.72301E+03   -1.56859   7.24214E+03    0.37833   3.00000E+08   9.07669E-06   2.41405E-05
  15   0.7000   4             10          -2732           6807           2590   2.73202E+03   -1.56714   7.28309E+03    0.36358   3.00000E+08   9.10673E-06   2.42770E-05
  15   0.7000   5              5          -2731           6617           2671   2.73100E+03   -1.56897   7.13575E+03    0.38366   3.00000E+08   9.10335E-06   2.37858E-05
  15   0.7000   6              7          -2469           6858           2755   2.46901E+03   -1.56796   7.39068E+03    0.38199   3.00000E+08   8.23003E-06   2.46356E-05
  15   0.7000   7              5          -2653           6653           2666   2.65300E+03   -1.56891   7.16728E+03    0.38113   3.00000E+08   8.84335E-06   2.38909E-05
  15   0.7000   8              6          -2620           6846           2774   2.62001E+03   -1.56851   7.38666E+03    0.38498   3.00000E+08   8.73336E-06   2.46222E-05
  15   0.7000   9              7          -2795           6832           2729   2.79501E+03   -1.56829   7.35688E+03    0.38003   3.00000E+08   9.31670E-06   2.45229E-05
  15   0.7000  10           1928          -4696           4691          -1990   5.07638E+03   -1.18122   5.09564E+03   -0.40121   3.00000E+08   1.69213E-05   1.69855E-05

  16   0.7500   0           4979           1678           1699           4977   5.25415E+03    0.32506   5.25900E+03    1.24183   3.00000E+08   1.75138E-05   1.75300E-05
  16   0.7500   1             11          -3401           6666           3111   3.40102E+03   -1.56756   7.35621E+03    0.43665   3.00000E+08   1.13367E-05   2.45207E-05
  16   0.7500   2              9          -3307           6461           3594   3.30701E+03   -1.56807   7.39333E+03    0.50764   3.00000E+08   1.10234E-05   2.46444E-05
  16   0.7500   3              8          -3252           7038           3311   3.25201E+03   -1.56834   7.77793E+03    0.43973   3.00000E+08   1.08400E-05   2.59264E-05
  16   0.7500   4              6          -3371           6768           3399   3.37101E+03   -1.56902   7.57357E+03    0.46542   3.00000E+08   1.12367E-05   2.52452E-05
  16   0.7500   5              7          -3500           6750           3518   3.50001E+03   -1.56880   7.61176E+03    0.48045   3.00000E+08   1.16667E-05   2.53725E-05
  16   0.7500   6              7          -3326           6860           3426   3.32601E+03   -1.56869   7.66793E+03    0.46318   3.00000E+08   1.10867E-05   2.55598E-05
  16   0.7500   7              5          -3406           6875           3426   3.40600E+03   -1.56933   7.68135E+03    0.46231   3.00000E+08   1.13533E-05   2.56045E-05
  16   0.7500   8              6          -3520           6833           3356   3.52001E+03   -1.56909   7.61266E+03    0.45654   3.00000E+08   1.17334E-05   2.53755E-05
  16   0.7500   9              7          -3458           6844           3309   3.45801E+03   -1.56877   7.60196E+03    0.45035   3.00000E+08   1.15267E-05   2.53399E-05
  16   0.7500  10           1674          -5175           5042          -1703   5.43902E+03   -1.25794   5.32184E+03   -0.32573   3.00000E+08   1.81301E-05   1.77395E-05

  17   0.8000   0           5415           1331           1393           5462   5.57618E+03    0.24102   5.63683E+03    1.32108   3.00000E+08   1.85873E-05   1.87894E-05
  17   0.8000   1              5          -4003           6845           4165   4.00300E+03   -1.56955   8.01257E+03    0.54663   3.00000E+08   1.33433E-05   2.67086E-05
  17   0.8000   2             13          -4108           6811           3927   4.10802E+03   -1.56763   7.86200E+03    0.52301   3.00000E+08   1.36934E-05   2.62067E-05
  17   0.8000   3              6          -4063           6563           4116   4.06300E+03   -1.56932   7.74690E+03    0.56015   3.00000E+08   1.35433E-05   2.58230E-05
  17   0.8000   4              6          -4052           6756           3841   4.05200E+03   -1.56932   7.77154E+03    0.51696   3.00000E+08   1.35067E-05   2.59051E-05
  17   0.8000   5              5          -4105           6548           4060   4.10500E+03   -1.56958   7.70454E+03    0.55502   3.00000E+08   1.36833E-05   2.56818E-05
  17   0.8000   6              8          -3991           6704           4064   3.99101E+03   -1.56879   7.83962E+03    0.54497   3.00000E+08   1.33034E-05   2.61321E-05
  17   0.8000   7              7          -4132           6758           4206   4.13201E+03   -1.56910   7.95996E+03    0.55671   3.00000E+08   1.37734E-05   2.65332E-05
  17   0.8000   8              8          -3948           6883           3989   3.94801E+03   -1.56877   7.95536E+03    0.52524   3.00000E+08   1.31600E-05   2.65179E-05
  17   0.8000   9              9          -3903           6692           3980   3.90301E+03   -1.56849   7.78609E+03    0.53654   3.00000E+08   1.30100E-05   2.59536E-05
  17   0.8000  10           1319          -5353           5311          -1345   5.51311E+03   -1.32921   5.47866E+03   -0.24803   3.00000E+08   1.83770E-05   1.82622E-05

  18   0.8500   0           5660           1045           1003           5992   5.75566E+03    0.18257   6.07537E+03    1.40494   3.00000E+08   1.91855E-05   2.02512E-05
  18   0.8500   1              5          -4646           7094           4659   4.64600E+03   -1.56972   8.48711E+03    0.58111   3.00000E+08   1.54867E-05   2.82904E-05
  18   0.8500   2             13          -4772           6642           4716   4.77202E+03   -1.56807   8.14597E+03    0.61742   3.00000E+08   1.59067E-05   2.71532E-05
  18   0.8500   3              7          -4651           6687           4624   4.65101E+03   -1.56929   8.13003E+03    0.60499   3.00000E+08   1.55034E-05   2.71001E-05
  18   0.8500   4              7          -4618           6795           4805   4.61801E+03   -1.56928   8.32226E+03    0.61550   3.00000E+08   1.53934E-05   2.77409E-05
  18   0.8500   5             16          -4750           6937           4689   4.75003E+03   -1.56743   8.37309E+03    0.59440   3.00000E+08   1.58334E-05   2.79103E-05
  18   0.8500   6              4          -4715           6684           4796   4.71500E+03   -1.56995   8.22663E+03    0.62240   3.00000E+08   1.57167E-05   2.74221E-05
  18   0.8500   7              9          -4721           6813           4635   4.72101E+03   -1.56889   8.24016E+03    0.59739   3.00000E+08   1.57367E-05   2.74672E-05
  18   0.8500   8              7          -4684           6734           4661   4.68401E+03   -1.56930   8.18973E+03    0.60544   3.00000E+08   1.56134E-05   2.72991E-05
  18   0.8500   9              4          -4719           6680           4805   4.71900E+03   -1.56995   8.22863E+03    0.62357   3.00000E+08   1.57300E-05   2.74288E-05
  18   0.8500  10           1020          -5831           5770           -978   5.91954E+03   -1.39762   5.85230E+03   -0.16790   3.00000E+08   1.97318E-05   1.95077E-05

  19   0.9000   0           5954            676            667           6072   5.99225E+03    0.11305   6.10852E+03    1.46139   3.00000E+08   1.99742E-05   2.03617E-05
  19   0.9000   1              6          -5300           6795           5403   5.30000E+03   -1.56966   8.68127E+03    0.67177   3.00000E+08   1.76667E-05   2.89376E-05
  19   0.9000   2              6          -5400           6779           5399   5.40000E+03   -1.56969   8.66626E+03    0.67256   3.00000E+08   1.80000E-05   2.88875E-05
  19   0.9000   3              7          -5336           6723           5291   5.33600E+03   -1.56948   8.55531E+03    0.66676   3.00000E+08   1.77867E-05   2.85177E-05
  19   0.9000   4              6          -5344           6690           5374   5.34400E+03   -1.56967   8.58114E+03    0.67674   3.00000E+08   1.78133E-05   2.86038E-05
  19   0.9000   5              7          -5240           6705           5670   5.24000E+03   -1.56946   8.78100E+03    0.70196   3.00000E+08   1.74667E-05   2.92700E-05
  19   0.9000   6             10          -5310           7099           5515   5.31001E+03   -1.56891   8.98950E+03    0.66048   3.00000E+08   1.77000E-05   2.99650E-05
  19   0.9000   7              6          -5361           6809           5483   5.36100E+03   -1.56968   8.74218E+03    0.67794   3.00000E+08   1.78700E-05   2.91406E-05
  19   0.9000   8              6          -5339           6790           5377   5.33900E+03   -1.56967   8.66119E+03    0.66978   3.00000E+08   1.77967E-05   2.88706E-05
  19   0.9000   9              3          -5384           6666           5110   5.38400E+03   -1.57024   8.39927E+03    0.65403   3.00000E+08   1.79467E-05   2.79976E-05
  19   0.9000  10            655          -6008           5794           -682   6.04360E+03   -1.46220   5.83400E+03   -0.11717   3.00000E+08   2.01453E-05   1.94467E-05

  20   0.9500   0           6356            345            327           6383   6.36536E+03    0.05423   6.39137E+03    1.51961   3.00000E+08   2.12179E-05   2.13046E-05
  20   0.9500   1              4          -5989           6683           5844   5.98900E+03   -1.57013   8.87777E+03    0.71852   3.00000E+08   1.99633E-05   2.95926E-05
  20   0.9500   2              7          -6016           6575           5842   6.01600E+03   -1.56963   8.79543E+03    0.72643   3.00000E+08   2.00533E-05   2.93181E-05
  20   0.9500   3              4          -6037           6471           5661   6.03700E+03   -1.57013   8.59772E+03    0.71873   3.00000E+08   2.01233E-05   2.86591E-05
  20   0.9500   4              9          -6014           6311           6090   6.01401E+03   -1.56930   8.77022E+03    0.76758   3.00000E+08   2.00467E-05   2.92341E-05
  20   0.9500   5              3          -6018           6788           5552   6.01800E+03   -1.57030   8.76936E+03    0.68557   3.00000E+08   2.00600E-05   2.92312E-05
  20   0.9500   6              6          -6052           6242           6258   6.05200E+03   -1.56980   8.83884E+03    0.78668   3.00000E+08   2.01733E-05   2.94628E-05
  20   0.9500   7             10          -6034           6881           5924   6.03401E+03   -1.56914   9.07975E+03    0.71080   3.00000E+08   2.01134E-05   3.02658E-05
  20   0.9500   8              8          -6057           6580           6276   6.05701E+03   -1.56948   9.09311E+03    0.76176   3.00000E+08   2.01900E-05   3.03104E-05
  20   0.9500   9              7          -6029           6992           6244   6.02900E+03   -1.56964   9.37420E+03    0.72895   3.00000E+08   2.00967E-05   3.12473E-05
  20   0.9500  10            370          -6359           6623           -336   6.36976E+03   -1.51268   6.63152E+03   -0.05069   3.00000E+08   2.12325E-05   2.21051E-05

  21   1.0000   0           6751              7              0           7927   6.75100E+03    0.00104   7.92700E+03    1.57080   3.00000E+08   2.25033E-05   2.64233E-05
  21   1.0000   1              6          -6742           7925          10693   6.74200E+03   -1.56991   1.33096E+04    0.93299   3.00000E+08   2.24733E-05   4.43654E-05
  21   1.0000   2              5          -6742          10691           7430   6.74200E+03   -1.57005   1.30193E+04    0.60735   3.00000E+08   2.24733E-05   4.33977E-05
  21   1.0000   3              5          -6745           7434           9537   6.74500E+03   -1.57006   1.20921E+04    0.90869   3.00000E+08   2.24833E-05   4.03070E-05
  21   1.0000   4              9          -6740           9534           5921   6.74001E+03   -1.56946   1.12230E+04    0.55575   3.00000E+08   2.24667E-05   3.74100E-05
  21   1.0000   5              6          -6751           5929           4688   6.75100E+03   -1.56991   7.55846E+03    0.66904   3.00000E+08   2.25033E-05   2.51949E-05
  21   1.0000   6              6          -6747           4683           3948   6.74700E+03   -1.56991   6.12513E+03    0.70044   3.00000E+08   2.24900E-05   2.04171E-05
  21   1.0000   7              5          -6750           3948           5413   6.75000E+03   -1.57006   6.69980E+03    0.94064   3.00000E+08   2.25000E-05   2.23327E-05
  21   1.0000   8              5          -6748           5415           5686   6.74800E+03   -1.57006   7.85193E+03    0.80981   3.00000E+08   2.24933E-05   2.61731E-05
  21   1.0000   9              3          -6743           5683           7715   6.74300E+03   -1.57035   9.58216E+03    0.93592   3.00000E+08   2.24767E-05   3.19405E-05
  21   1.0000  10             10          -6744           7713              0   6.74401E+03   -1.56931   7.71300E+03    0.00000   3.00000E+08   2.24800E-05   2.57100E-05

