# TCRW Fig 1(d) MSD | omega =  0.70 | D_r =  1.000E-02 | T =    1000000 | N_traj =    500
# columns:  t   <|r|^2>
         1    9.940000E-01
         2    1.982000E+00
         3    2.686000E+00
         4    3.328000E+00
         5    4.094000E+00
         6    4.834000E+00
         7    5.498000E+00
         8    5.920000E+00
         9    6.670000E+00
        12    8.720000E+00
        16    1.156600E+01
        22    1.659000E+01
        29    2.234400E+01
        39    3.011400E+01
        51    3.919000E+01
        68    5.207200E+01
        91    6.867800E+01
       120    8.611800E+01
       159    1.177800E+02
       212    1.653960E+02
       281    2.106160E+02
       372    2.779440E+02
       494    3.685180E+02
       655    4.809180E+02
       868    6.452000E+02
      1151    8.519200E+02
      1526    1.111910E+03
      2023    1.458044E+03
      2682    1.844386E+03
      3556    2.479362E+03
      4714    3.228840E+03
      6250    4.193486E+03
      8286    5.577964E+03
     10985    7.587364E+03
     14563    9.948806E+03
     19306    1.369969E+04
     25595    1.785352E+04
     33932    2.352976E+04
     44984    3.041517E+04
     59636    4.216449E+04
     79060    5.645349E+04
    104811    7.564476E+04
    138949    1.010543E+05
    184206    1.355583E+05
    244205    1.806267E+05
    323745    2.421517E+05
    429193    3.288383E+05
    568986    4.153584E+05
    754312    5.204576E+05
   1000000    7.137719E+05
