# TCRW Fig 1(d) MSD | omega =  0.80 | D_r =  1.000E-02 | T =    1000000 | N_traj =    500
# columns:  t   <|r|^2>
         1    9.900000E-01
         2    1.982000E+00
         3    2.248000E+00
         4    2.574000E+00
         5    3.188000E+00
         6    3.726000E+00
         7    4.130000E+00
         8    4.398000E+00
         9    4.766000E+00
        12    6.202000E+00
        16    8.414000E+00
        22    1.140200E+01
        29    1.543800E+01
        39    1.884400E+01
        51    2.451800E+01
        68    3.372400E+01
        91    4.353400E+01
       120    5.854000E+01
       159    7.651400E+01
       212    1.011960E+02
       281    1.346980E+02
       372    1.813780E+02
       494    2.453020E+02
       655    3.228060E+02
       868    4.470120E+02
      1151    6.014420E+02
      1526    7.224880E+02
      2023    9.506100E+02
      2682    1.335306E+03
      3556    1.752730E+03
      4714    2.431924E+03
      6250    2.870426E+03
      8286    3.920256E+03
     10985    5.252552E+03
     14563    6.848472E+03
     19306    9.347334E+03
     25595    1.264622E+04
     33932    1.689118E+04
     44984    2.148101E+04
     59636    2.848490E+04
     79060    3.798896E+04
    104811    5.134792E+04
    138949    6.467240E+04
    184206    8.496821E+04
    244205    1.222482E+05
    323745    1.541410E+05
    429193    1.959059E+05
    568986    2.558334E+05
    754312    3.337842E+05
   1000000    4.547736E+05
