# TCRW Fig 3(f)  P_edge/P_bulk vs ω  (D_r = 10^-3, OBC)
# D_r_fixed =  1.0000E-03
# T_floor =    300000000   N_burn_floor =     30000000
# T_use = max(T_floor,  300.0*max(L^2,1/D_r)/D_r);  N_burn_use = max(N_burn_floor,   30.0*max(L^2,1/D_r)/D_r)
# seed    = 20260420
# columns:  L   ω   ratio   P_edge_norm   P_bulk_norm   n_edge   n_bulk
  9   0.0000   2.85014E+02   2.76056E-02   9.68569E-05       36         64
  9   0.0500   2.77982E+02   2.76013E-02   9.92916E-05       36         64
  9   0.1000   2.72686E+02   2.75979E-02   1.01207E-04       36         64
  9   0.1500   2.81468E+02   2.76034E-02   9.80694E-05       36         64
  9   0.2000   2.77650E+02   2.76010E-02   9.94095E-05       36         64
  9   0.2500   2.76376E+02   2.76002E-02   9.98650E-05       36         64
  9   0.3000   2.77256E+02   2.76008E-02   9.95500E-05       36         64
  9   0.3500   2.77960E+02   2.76012E-02   9.92995E-05       36         64
  9   0.4000   2.78579E+02   2.76016E-02   9.90801E-05       36         64
  9   0.4500   2.77547E+02   2.76010E-02   9.94460E-05       36         64
  9   0.5000   2.77096E+02   2.76007E-02   9.96070E-05       36         64
  9   0.5500   2.79436E+02   2.76022E-02   9.87782E-05       36         64
  9   0.6000   2.77806E+02   2.76011E-02   9.93540E-05       36         64
  9   0.6500   2.77532E+02   2.76010E-02   9.94514E-05       36         64
  9   0.7000   2.78435E+02   2.76015E-02   9.91309E-05       36         64
  9   0.7500   2.75962E+02   2.76000E-02   1.00014E-04       36         64
  9   0.8000   2.77398E+02   2.76009E-02   9.94994E-05       36         64
  9   0.8500   2.77294E+02   2.76008E-02   9.95362E-05       36         64
  9   0.9000   2.76927E+02   2.76006E-02   9.96673E-05       36         64
  9   0.9500   2.76364E+02   2.76002E-02   9.98692E-05       36         64
  9   1.0000   2.78146E+02   2.76014E-02   9.92333E-05       36         64
 19   0.0000   2.56594E+02   1.29429E-02   5.04411E-05       76        324
 19   0.0500   2.73317E+02   1.29558E-02   4.74021E-05       76        324
 19   0.1000   2.61724E+02   1.29470E-02   4.94682E-05       76        324
 19   0.1500   2.63019E+02   1.29480E-02   4.92285E-05       76        324
 19   0.2000   2.61801E+02   1.29471E-02   4.94538E-05       76        324
 19   0.2500   2.62783E+02   1.29478E-02   4.92719E-05       76        324
 19   0.3000   2.63777E+02   1.29486E-02   4.90892E-05       76        324
 19   0.3500   2.64395E+02   1.29491E-02   4.89763E-05       76        324
 19   0.4000   2.65257E+02   1.29498E-02   4.88197E-05       76        324
 19   0.4500   2.63157E+02   1.29481E-02   4.92031E-05       76        324
 19   0.5000   2.62165E+02   1.29474E-02   4.93862E-05       76        324
 19   0.5500   2.63533E+02   1.29484E-02   4.91339E-05       76        324
 19   0.6000   2.64464E+02   1.29492E-02   4.89638E-05       76        324
 19   0.6500   2.63420E+02   1.29483E-02   4.91547E-05       76        324
 19   0.7000   2.65286E+02   1.29498E-02   4.88145E-05       76        324
 19   0.7500   2.60349E+02   1.29459E-02   4.97253E-05       76        324
 19   0.8000   2.62778E+02   1.29478E-02   4.92729E-05       76        324
 19   0.8500   2.65037E+02   1.29496E-02   4.88596E-05       76        324
 19   0.9000   2.65386E+02   1.29499E-02   4.87963E-05       76        324
 19   0.9500   2.67544E+02   1.29515E-02   4.84089E-05       76        324
 19   1.0000   2.91761E+02   1.29684E-02   4.44487E-05       76        324
 49   0.0000   2.09054E+02   4.83043E-03   2.31061E-05      196       2304
 49   0.0500   2.54448E+02   4.87674E-03   1.91659E-05      196       2304
 49   0.1000   2.53760E+02   4.87616E-03   1.92156E-05      196       2304
 49   0.1500   2.56518E+02   4.87848E-03   1.90181E-05      196       2304
 49   0.2000   2.57633E+02   4.87941E-03   1.89394E-05      196       2304
 49   0.2500   2.54134E+02   4.87648E-03   1.91886E-05      196       2304
 49   0.3000   2.57239E+02   4.87908E-03   1.89671E-05      196       2304
 49   0.3500   2.57094E+02   4.87896E-03   1.89774E-05      196       2304
 49   0.4000   2.56841E+02   4.87875E-03   1.89952E-05      196       2304
 49   0.4500   2.52920E+02   4.87544E-03   1.92766E-05      196       2304
 49   0.5000   2.56630E+02   4.87857E-03   1.90102E-05      196       2304
 49   0.5500   2.55926E+02   4.87799E-03   1.90601E-05      196       2304
 49   0.6000   2.58237E+02   4.87991E-03   1.88970E-05      196       2304
 49   0.6500   2.58184E+02   4.87986E-03   1.89007E-05      196       2304
 49   0.7000   2.54996E+02   4.87721E-03   1.91266E-05      196       2304
 49   0.7500   2.57031E+02   4.87891E-03   1.89818E-05      196       2304
 49   0.8000   2.52415E+02   4.87501E-03   1.93135E-05      196       2304
 49   0.8500   2.56823E+02   4.87874E-03   1.89965E-05      196       2304
 49   0.9000   2.55587E+02   4.87770E-03   1.90843E-05      196       2304
 49   0.9500   2.62358E+02   4.88324E-03   1.86129E-05      196       2304
 49   1.0000   2.26022E+02   4.84981E-03   2.14572E-05      196       2304
