# TCRW Fig 2 current Jomega for omega = 0.50
# D_r =  1.000E-03   T =    10000000000
# columns:  x  y  Jx  Jy  |J|   (allowed sites only; counts/T_steps)
   0    0   1.233140E-05   1.234590E-05   1.744949E-05
   0    1   2.471910E-05   3.490000E-08   2.471912E-05
   0    2   2.468430E-05  -5.360000E-08   2.468436E-05
   0    3   2.468880E-05   5.310000E-08   2.468886E-05
   0    4   2.480530E-05  -2.770000E-08   2.480532E-05
   0    5   2.481640E-05  -5.510000E-08   2.481646E-05
   0    6   2.477150E-05  -1.062000E-07   2.477173E-05
   0    7   2.466080E-05   1.760000E-08   2.466081E-05
   0    8   2.481180E-05   1.510000E-08   2.481180E-05
   0    9   1.242360E-05  -1.238920E-05   1.754532E-05
   1    0   4.800000E-09   2.472150E-05   2.472150E-05
   1    1   6.190000E-08  -2.190000E-08   6.565988E-08
   1    2  -2.400000E-08  -8.900000E-09   2.559707E-08
   1    3   6.100000E-08   7.510000E-08   9.675231E-08
   1    4  -4.840000E-08   8.700000E-08   9.955682E-08
   1    5   1.000000E-08  -1.191000E-07   1.195191E-07
   1    6  -5.250000E-08   3.650000E-08   6.394138E-08
   1    7   1.650000E-08   1.057000E-07   1.069801E-07
   1    8  -6.090000E-08   2.800000E-09   6.096433E-08
   1    9   3.410000E-08  -2.475020E-05   2.475022E-05
   2    0   3.370000E-08   2.473210E-05   2.473212E-05
   2    1   5.240000E-08   8.530000E-08   1.001092E-07
   2    2   8.840000E-08   1.060000E-07   1.380238E-07
   2    3  -2.970000E-08  -2.990000E-08   4.214380E-08
   2    4  -1.100000E-09   2.800000E-09   3.008322E-09
   2    5  -8.800000E-09  -1.540000E-08   1.773697E-08
   2    6  -1.760000E-08   8.260000E-08   8.445425E-08
   2    7  -7.820000E-08   8.240000E-08   1.136002E-07
   2    8   5.480000E-08  -2.930000E-08   6.214121E-08
   2    9  -3.110000E-08  -2.487170E-05   2.487172E-05
   3    0   8.300000E-09   2.476050E-05   2.476050E-05
   3    1   1.030000E-07  -7.630000E-08   1.281823E-07
   3    2  -3.080000E-08   8.350000E-08   8.899938E-08
   3    3   3.540000E-08   6.890000E-08   7.746206E-08
   3    4  -5.220000E-08   1.048000E-07   1.170807E-07
   3    5   4.690000E-08  -4.130000E-08   6.249240E-08
   3    6  -1.925000E-07   4.200000E-09   1.925458E-07
   3    7  -2.330000E-08   1.250000E-07   1.271530E-07
   3    8   4.030000E-08   4.300000E-08   5.893293E-08
   3    9   4.360000E-08  -2.465210E-05   2.465214E-05
   4    0  -1.350000E-08   2.469090E-05   2.469090E-05
   4    1  -4.000000E-09  -1.135000E-07   1.135705E-07
   4    2   3.190000E-08  -1.434000E-07   1.469053E-07
   4    3   4.630000E-08   7.540000E-08   8.848079E-08
   4    4  -5.760000E-08  -8.480000E-08   1.025124E-07
   4    5  -4.200000E-09  -5.030000E-08   5.047504E-08
   4    6  -1.454000E-07  -6.530000E-08   1.593902E-07
   4    7   8.050000E-08   3.610000E-08   8.822392E-08
   4    8  -1.143000E-07  -2.450000E-08   1.168963E-07
   4    9   5.720000E-08  -2.481930E-05   2.481937E-05
   5    0   7.990000E-08   2.475290E-05   2.475303E-05
   5    1   1.136000E-07  -2.800000E-08   1.169998E-07
   5    2   5.670000E-08  -2.810000E-08   6.328112E-08
   5    3  -2.270000E-08  -6.760000E-08   7.130954E-08
   5    4   1.266000E-07   1.550000E-08   1.275453E-07
   5    5  -6.030000E-08  -9.240000E-08   1.103352E-07
   5    6  -8.000000E-09  -6.730000E-08   6.777382E-08
   5    7   2.060000E-08  -5.700000E-08   6.060825E-08
   5    8   8.790000E-08  -1.110000E-07   1.415889E-07
   5    9  -8.240000E-08  -2.468560E-05   2.468574E-05
   6    0   5.540000E-08   2.484250E-05   2.484256E-05
   6    1  -1.223000E-07  -1.600000E-09   1.223105E-07
   6    2   1.840000E-08   4.600000E-09   1.896629E-08
   6    3   1.810000E-08  -3.630000E-08   4.056230E-08
   6    4  -1.160000E-07  -2.760000E-08   1.192382E-07
   6    5  -8.290000E-08  -9.550000E-08   1.264621E-07
   6    6  -1.057000E-07  -1.064000E-07   1.499782E-07
   6    7  -6.250000E-08  -5.330000E-08   8.214098E-08
   6    8  -6.670000E-08  -4.880000E-08   8.264581E-08
   6    9  -7.460000E-08  -2.477730E-05   2.477741E-05
   7    0   2.440000E-08   2.488200E-05   2.488201E-05
   7    1   3.880000E-08  -2.990000E-08   4.898418E-08
   7    2   5.310000E-08  -1.140000E-07   1.257601E-07
   7    3  -8.620000E-08  -3.300000E-08   9.230081E-08
   7    4   1.960000E-08   1.250000E-08   2.324672E-08
   7    5   3.180000E-08   2.440000E-08   4.008242E-08
   7    6   1.158000E-07   5.910000E-08   1.300094E-07
   7    7  -2.360000E-08   2.610000E-08   3.518764E-08
   7    8   3.310000E-08  -7.280000E-08   7.997156E-08
   7    9  -9.820000E-08  -2.459750E-05   2.459770E-05
   8    0  -4.130000E-08   2.473550E-05   2.473553E-05
   8    1  -4.700000E-09  -6.630000E-08   6.646638E-08
   8    2   3.680000E-08   1.087000E-07   1.147603E-07
   8    3  -3.250000E-08  -1.770000E-08   3.700730E-08
   8    4  -2.960000E-08   3.790000E-08   4.808919E-08
   8    5   6.290000E-08   8.710000E-08   1.074375E-07
   8    6   4.370000E-08   8.910000E-08   9.923961E-08
   8    7   6.120000E-08  -6.300000E-08   8.783188E-08
   8    8  -1.343000E-07  -1.100000E-09   1.343045E-07
   8    9  -2.020000E-08  -2.459320E-05   2.459321E-05
   9    0  -1.233920E-05   1.242260E-05   1.750934E-05
   9    1  -2.480000E-05   1.820000E-08   2.480001E-05
   9    2  -2.465690E-05  -3.760000E-08   2.465693E-05
   9    3  -2.477280E-05   9.860000E-08   2.477300E-05
   9    4  -2.477540E-05  -5.500000E-09   2.477540E-05
   9    5  -2.478170E-05  -5.800000E-09   2.478170E-05
   9    6  -2.462700E-05   3.700000E-09   2.462700E-05
   9    7  -2.472870E-05   2.900000E-08   2.472872E-05
   9    8  -2.462140E-05   1.120000E-08   2.462140E-05
   9    9  -1.228830E-05  -1.230330E-05   1.738889E-05
