# TCRW Fig 1(d) MSD | omega =  0.40 | D_r =  1.000E-02 | T =    1000000 | N_traj =    500
# columns:  t   <|r|^2>
         1    9.780000E-01
         2    1.974000E+00
         3    2.838000E+00
         4    3.944000E+00
         5    4.868000E+00
         6    5.706000E+00
         7    6.504000E+00
         8    7.308000E+00
         9    8.222000E+00
        12    1.099000E+01
        16    1.446000E+01
        22    2.011800E+01
        29    2.622000E+01
        39    3.596600E+01
        51    4.709200E+01
        68    6.347400E+01
        91    8.261800E+01
       120    1.066980E+02
       159    1.382420E+02
       212    1.893220E+02
       281    2.449860E+02
       372    3.269680E+02
       494    4.478120E+02
       655    5.914260E+02
       868    7.426560E+02
      1151    9.980240E+02
      1526    1.397150E+03
      2023    1.785638E+03
      2682    2.275564E+03
      3556    2.981934E+03
      4714    4.065694E+03
      6250    5.396568E+03
      8286    7.416470E+03
     10985    9.978802E+03
     14563    1.282735E+04
     19306    1.770349E+04
     25595    2.409591E+04
     33932    3.166847E+04
     44984    4.373188E+04
     59636    5.694670E+04
     79060    7.368415E+04
    104811    9.507282E+04
    138949    1.307685E+05
    184206    1.690536E+05
    244205    2.250202E+05
    323745    2.867253E+05
    429193    3.806350E+05
    568986    5.387822E+05
    754312    6.799178E+05
   1000000    8.877702E+05
