# TCRW Fig 2 current Jtot for omega = 0.50
# D_r =  1.000E-03   T =    10000000000
# columns:  x  y  Jx  Jy  |J|   (allowed sites only; counts/T_steps)
   0    0   2.473990E-05   2.469880E-05   3.495845E-05
   0    1   2.474310E-05   4.930000E-08   2.474315E-05
   0    2   2.471090E-05  -1.560000E-07   2.471139E-05
   0    3   2.471450E-05   5.360000E-08   2.471456E-05
   0    4   2.483040E-05  -3.760000E-08   2.483043E-05
   0    5   2.484140E-05  -8.500000E-08   2.484155E-05
   0    6   2.479690E-05  -1.709000E-07   2.479749E-05
   0    7   2.468610E-05   1.630000E-08   2.468611E-05
   0    8   2.483840E-05   6.340000E-08   2.483848E-05
   0    9   2.478240E-05  -2.480950E-05   3.506677E-05
   1    0  -1.730000E-08   2.474920E-05   2.474921E-05
   1    1   6.200000E-08  -2.120000E-08   6.552435E-08
   1    2  -2.610000E-08  -9.100000E-09   2.764091E-08
   1    3   6.560000E-08   7.270000E-08   9.792165E-08
   1    4  -4.780000E-08   8.790000E-08   1.000562E-07
   1    5   1.110000E-08  -1.204000E-07   1.209106E-07
   1    6  -5.310000E-08   3.630000E-08   6.432185E-08
   1    7   1.460000E-08   1.048000E-07   1.058121E-07
   1    8  -5.930000E-08   0.000000E+00   5.930000E-08
   1    9   8.010000E-08  -2.477630E-05   2.477643E-05
   2    0   2.470000E-08   2.475800E-05   2.475801E-05
   2    1   5.110000E-08   8.540000E-08   9.952070E-08
   2    2   8.550000E-08   1.046000E-07   1.350978E-07
   2    3  -2.740000E-08  -3.040000E-08   4.092579E-08
   2    4   3.000000E-10   5.900000E-09   5.907622E-09
   2    5  -8.300000E-09  -1.710000E-08   1.900789E-08
   2    6  -1.510000E-08   7.930000E-08   8.072484E-08
   2    7  -7.740000E-08   8.490000E-08   1.148859E-07
   2    8   5.270000E-08  -3.350000E-08   6.244630E-08
   2    9  -5.230000E-08  -2.489490E-05   2.489495E-05
   3    0  -3.220000E-08   2.478580E-05   2.478582E-05
   3    1   1.028000E-07  -8.160000E-08   1.312494E-07
   3    2  -3.350000E-08   8.180000E-08   8.839395E-08
   3    3   3.530000E-08   7.260000E-08   8.072701E-08
   3    4  -5.470000E-08   1.034000E-07   1.169771E-07
   3    5   4.670000E-08  -4.330000E-08   6.368501E-08
   3    6  -1.908000E-07   5.200000E-09   1.908708E-07
   3    7  -2.670000E-08   1.235000E-07   1.263532E-07
   3    8   4.350000E-08   4.350000E-08   6.151829E-08
   3    9   5.370000E-08  -2.467830E-05   2.467836E-05
   4    0   2.530000E-08   2.471460E-05   2.471461E-05
   4    1  -5.400000E-09  -1.152000E-07   1.153265E-07
   4    2   2.940000E-08  -1.406000E-07   1.436409E-07
   4    3   4.820000E-08   7.120000E-08   8.598070E-08
   4    4  -5.690000E-08  -8.630000E-08   1.033697E-07
   4    5  -2.400000E-09  -4.720000E-08   4.726098E-08
   4    6  -1.453000E-07  -6.750000E-08   1.602134E-07
   4    7   8.040000E-08   3.680000E-08   8.842172E-08
   4    8  -1.128000E-07  -2.860000E-08   1.163692E-07
   4    9   4.100000E-08  -2.484590E-05   2.484593E-05
   5    0   1.223000E-07   2.477810E-05   2.477840E-05
   5    1   1.131000E-07  -2.800000E-08   1.165144E-07
   5    2   5.510000E-08  -2.780000E-08   6.171588E-08
   5    3  -2.410000E-08  -7.080000E-08   7.478937E-08
   5    4   1.305000E-07   1.580000E-08   1.314530E-07
   5    5  -6.070000E-08  -8.930000E-08   1.079768E-07
   5    6  -1.010000E-08  -7.180000E-08   7.250690E-08
   5    7   2.430000E-08  -5.790000E-08   6.279252E-08
   5    8   8.560000E-08  -1.095000E-07   1.389878E-07
   5    9  -1.205000E-07  -2.470910E-05   2.470939E-05
   6    0   1.083000E-07   2.486710E-05   2.486734E-05
   6    1  -1.230000E-07  -2.200000E-09   1.230197E-07
   6    2   1.930000E-08   6.900000E-09   2.049634E-08
   6    3   1.390000E-08  -3.860000E-08   4.102645E-08
   6    4  -1.192000E-07  -2.160000E-08   1.211412E-07
   6    5  -8.050000E-08  -9.170000E-08   1.220211E-07
   6    6  -1.057000E-07  -1.056000E-07   1.494117E-07
   6    7  -6.360000E-08  -5.160000E-08   8.189945E-08
   6    8  -6.630000E-08  -4.910000E-08   8.250152E-08
   6    9  -1.147000E-07  -2.480220E-05   2.480247E-05
   7    0   3.840000E-08   2.490490E-05   2.490493E-05
   7    1   3.900000E-08  -3.310000E-08   5.115281E-08
   7    2   5.040000E-08  -1.090000E-07   1.200881E-07
   7    3  -8.540000E-08  -3.240000E-08   9.133959E-08
   7    4   2.050000E-08   1.310000E-08   2.432817E-08
   7    5   3.200000E-08   2.160000E-08   3.860777E-08
   7    6   1.200000E-07   6.060000E-08   1.344335E-07
   7    7  -2.700000E-08   2.540000E-08   3.706966E-08
   7    8   3.460000E-08  -7.380000E-08   8.150828E-08
   7    9  -1.092000E-07  -2.462140E-05   2.462164E-05
   8    0  -2.450000E-08   2.475970E-05   2.475971E-05
   8    1  -4.300000E-09  -6.790000E-08   6.803602E-08
   8    2   3.640000E-08   1.068000E-07   1.128326E-07
   8    3  -3.240000E-08  -1.590000E-08   3.609113E-08
   8    4  -3.570000E-08   3.920000E-08   5.302009E-08
   8    5   6.140000E-08   9.010000E-08   1.090320E-07
   8    6   4.380000E-08   8.780000E-08   9.811870E-08
   8    7   5.960000E-08  -6.510000E-08   8.826194E-08
   8    8  -1.333000E-07   2.000000E-10   1.333002E-07
   8    9  -1.026000E-07  -2.461860E-05   2.461881E-05
   9    0  -2.475570E-05   2.483690E-05   3.506731E-05
   9    1  -2.482620E-05   2.280000E-08   2.482621E-05
   9    2  -2.467980E-05   8.600000E-09   2.467980E-05
   9    3  -2.479650E-05   1.469000E-07   2.479694E-05
   9    4  -2.480130E-05  -3.100000E-08   2.480132E-05
   9    5  -2.480580E-05  -4.500000E-09   2.480580E-05
   9    6  -2.464910E-05  -5.530000E-08   2.464916E-05
   9    7  -2.475470E-05   7.650000E-08   2.475482E-05
   9    8  -2.464250E-05  -2.440000E-08   2.464251E-05
   9    9  -2.464760E-05  -2.458180E-05   3.481047E-05
