# TCRW Fig 2 current JDr defects, omega = 0.00
# D_r =  1.000E-03   T =    10000000000
# columns:  x  y  Jx  Jy  |J|   (allowed sites only; counts/T_steps)
   0    0   1.660000E-08   1.780640E-05   1.780641E-05
   0    1   1.820000E-08   1.778780E-05   1.778781E-05
   0    2   1.600000E-08   1.778960E-05   1.778961E-05
   0    3   1.870000E-08   1.778980E-05   1.778981E-05
   0    4   1.680000E-08   1.779170E-05   1.779171E-05
   0    5   1.680000E-08   1.779030E-05   1.779031E-05
   0    6   1.580000E-08   1.779300E-05   1.779301E-05
   0    7   1.810000E-08   1.779190E-05   1.779191E-05
   0    8   1.800000E-08   1.779330E-05   1.779331E-05
   0    9   1.781000E-05  -1.930000E-08   1.781001E-05
   1    0  -1.778890E-05   1.630000E-08   1.778891E-05
   1    1  -2.500000E-09  -1.600000E-09   2.968164E-09
   1    2  -1.600000E-09   1.500000E-09   2.193171E-09
   1    3   1.800000E-09  -1.300000E-09   2.220360E-09
   1    4   2.000000E-10  -7.000000E-10   7.280110E-10
   1    5  -7.000000E-10  -3.200000E-09   3.275668E-09
   1    6  -1.700000E-09  -3.300000E-09   3.712142E-09
   1    7  -6.000000E-10   1.200000E-09   1.341641E-09
   1    8   1.000000E-09   1.100000E-09   1.486607E-09
   1    9   1.779120E-05  -1.790000E-08   1.779121E-05
   2    0  -1.778540E-05   1.910000E-08   1.778541E-05
   2    1  -7.000000E-10   5.000000E-10   8.602325E-10
   2    2  -2.100000E-09  -3.000000E-09   3.661967E-09
   2    3  -1.710000E-08  -1.752450E-05   1.752451E-05
   2    4  -1.830000E-08  -1.752400E-05   1.752401E-05
   2    5  -1.690000E-08  -1.752160E-05   1.752161E-05
   2    6  -1.760000E-08  -1.752230E-05   1.752231E-05
   2    7  -4.400000E-09  -1.600000E-09   4.681880E-09
   2    8   1.700000E-09  -1.200000E-09   2.080865E-09
   2    9   1.779160E-05  -1.920000E-08   1.779161E-05
   3    0  -1.778690E-05   1.720000E-08   1.778691E-05
   3    1  -8.000000E-10   1.000000E-09   1.280625E-09
   3    2   1.752360E-05  -1.570000E-08   1.752361E-05
   3    7  -1.752640E-05   1.950000E-08   1.752641E-05
   3    8   6.000000E-10  -2.500000E-09   2.570992E-09
   3    9   1.779320E-05  -1.760000E-08   1.779321E-05
   4    0  -1.778690E-05   1.820000E-08   1.778691E-05
   4    1  -2.000000E-09   2.000000E-10   2.009975E-09
   4    2   1.752290E-05  -1.860000E-08   1.752291E-05
   4    4   1.760000E-08   1.754670E-05   1.754671E-05
   4    5   1.720000E-08   1.752330E-05   1.752331E-05
   4    6   1.860000E-08   1.752590E-05   1.752591E-05
   4    7   7.000000E-10  -1.100000E-09   1.303840E-09
   4    8  -3.000000E-10   7.000000E-10   7.615773E-10
   4    9   1.779100E-05  -1.940000E-08   1.779101E-05
   5    0  -1.778600E-05   1.720000E-08   1.778601E-05
   5    1  -3.900000E-09  -2.100000E-09   4.429447E-09
   5    2   1.752400E-05  -1.760000E-08   1.752401E-05
   5    4  -1.752480E-05   1.930000E-08   1.752481E-05
   5    5   2.100000E-09   2.000000E-09   2.900000E-09
   5    6   1.300000E-09  -2.900000E-09   3.178050E-09
   5    7  -2.000000E-09  -1.300000E-09   2.385372E-09
   5    8   5.000000E-10  -2.600000E-09   2.647640E-09
   5    9   1.778970E-05  -1.810000E-08   1.778971E-05
   6    0  -1.778280E-05   1.720000E-08   1.778281E-05
   6    1  -2.800000E-09  -2.100000E-09   3.500000E-09
   6    2   1.751870E-05  -1.860000E-08   1.751871E-05
   6    4  -1.752670E-05   1.690000E-08   1.752671E-05
   6    5   1.400000E-09  -1.100000E-09   1.780449E-09
   6    6  -1.900000E-09   1.300000E-09   2.302173E-09
   6    7   6.000000E-10   6.000000E-10   8.485281E-10
   6    8   1.400000E-09   6.000000E-10   1.523155E-09
   6    9   1.778920E-05  -1.820000E-08   1.778921E-05
   7    0  -1.778170E-05   1.980000E-08   1.778171E-05
   7    1  -9.000000E-10   2.300000E-09   2.469818E-09
   7    2  -1.800000E-09   0.000000E+00   1.800000E-09
   7    3   1.700000E-08   1.752480E-05   1.752481E-05
   7    4  -9.000000E-10  -3.400000E-09   3.517101E-09
   7    5   8.000000E-10   0.000000E+00   8.000000E-10
   7    6   6.000000E-10   2.300000E-09   2.376973E-09
   7    7   6.000000E-10  -3.000000E-10   6.708204E-10
   7    8   8.000000E-10  -1.400000E-09   1.612452E-09
   7    9   1.778810E-05  -1.740000E-08   1.778811E-05
   8    0  -1.778490E-05   1.950000E-08   1.778491E-05
   8    1   1.100000E-09   2.100000E-09   2.370654E-09
   8    2  -2.400000E-09   3.000000E-09   3.841875E-09
   8    3  -2.600000E-09  -1.500000E-09   3.001666E-09
   8    4   2.000000E-09  -2.000000E-10   2.009975E-09
   8    5  -1.400000E-09  -5.000000E-10   1.486607E-09
   8    6  -2.300000E-09  -4.300000E-09   4.876474E-09
   8    7   1.500000E-09   1.000000E-09   1.802776E-09
   8    8   9.000000E-10   2.600000E-09   2.751363E-09
   8    9   1.779080E-05  -1.670000E-08   1.779081E-05
   9    0  -1.780540E-05   1.740000E-08   1.780541E-05
   9    1  -1.750000E-08  -1.778860E-05   1.778861E-05
   9    2  -1.790000E-08  -1.778800E-05   1.778801E-05
   9    3  -1.970000E-08  -1.778620E-05   1.778621E-05
   9    4  -1.710000E-08  -1.778820E-05   1.778821E-05
   9    5  -1.860000E-08  -1.778770E-05   1.778771E-05
   9    6  -1.690000E-08  -1.778950E-05   1.778951E-05
   9    7  -1.990000E-08  -1.778920E-05   1.778921E-05
   9    8  -1.780000E-08  -1.779050E-05   1.779051E-05
   9    9  -1.840000E-08  -1.780870E-05   1.780871E-05
