# TCRW Fig 2 current JDr for omega = 0.50
# D_r =  1.000E-03   T =    10000000000
# columns:  x  y  Jx  Jy  |J|   (allowed sites only; counts/T_steps)
   0    0   1.240850E-05   1.235290E-05   1.750900E-05
   0    1   2.400000E-08   1.440000E-08   2.798857E-08
   0    2   2.660000E-08  -1.024000E-07   1.057985E-07
   0    3   2.570000E-08   5.000000E-10   2.570486E-08
   0    4   2.510000E-08  -9.900000E-09   2.698185E-08
   0    5   2.500000E-08  -2.990000E-08   3.897448E-08
   0    6   2.540000E-08  -6.470000E-08   6.950719E-08
   0    7   2.530000E-08  -1.300000E-09   2.533338E-08
   0    8   2.660000E-08   4.830000E-08   5.514028E-08
   0    9   1.235880E-05  -1.242030E-05   1.752152E-05
   1    0  -2.210000E-08   2.770000E-08   3.543586E-08
   1    1   1.000000E-10   7.000000E-10   7.071068E-10
   1    2  -2.100000E-09  -2.000000E-10   2.109502E-09
   1    3   4.600000E-09  -2.400000E-09   5.188449E-09
   1    4   6.000000E-10   9.000000E-10   1.081665E-09
   1    5   1.100000E-09  -1.300000E-09   1.702939E-09
   1    6  -6.000000E-10  -2.000000E-10   6.324555E-10
   1    7  -1.900000E-09  -9.000000E-10   2.102380E-09
   1    8   1.600000E-09  -2.800000E-09   3.224903E-09
   1    9   4.600000E-08  -2.610000E-08   5.288866E-08
   2    0  -9.000000E-09   2.590000E-08   2.741915E-08
   2    1  -1.300000E-09   1.000000E-10   1.303840E-09
   2    2  -2.900000E-09  -1.400000E-09   3.220248E-09
   2    3   2.300000E-09  -5.000000E-10   2.353720E-09
   2    4   1.400000E-09   3.100000E-09   3.401470E-09
   2    5   5.000000E-10  -1.700000E-09   1.772005E-09
   2    6   2.500000E-09  -3.300000E-09   4.140048E-09
   2    7   8.000000E-10   2.500000E-09   2.624881E-09
   2    8  -2.100000E-09  -4.200000E-09   4.695743E-09
   2    9  -2.120000E-08  -2.320000E-08   3.142738E-08
   3    0  -4.050000E-08   2.530000E-08   4.775291E-08
   3    1  -2.000000E-10  -5.300000E-09   5.303772E-09
   3    2  -2.700000E-09  -1.700000E-09   3.190611E-09
   3    3  -1.000000E-10   3.700000E-09   3.701351E-09
   3    4  -2.500000E-09  -1.400000E-09   2.865310E-09
   3    5  -2.000000E-10  -2.000000E-09   2.009975E-09
   3    6   1.700000E-09   1.000000E-09   1.972308E-09
   3    7  -3.400000E-09  -1.500000E-09   3.716181E-09
   3    8   3.200000E-09   5.000000E-10   3.238827E-09
   3    9   1.010000E-08  -2.620000E-08   2.807935E-08
   4    0   3.880000E-08   2.370000E-08   4.546570E-08
   4    1  -1.400000E-09  -1.700000E-09   2.202272E-09
   4    2  -2.500000E-09   2.800000E-09   3.753665E-09
   4    3   1.900000E-09  -4.200000E-09   4.609772E-09
   4    4   7.000000E-10  -1.500000E-09   1.655295E-09
   4    5   1.800000E-09   3.100000E-09   3.584690E-09
   4    6   1.000000E-10  -2.200000E-09   2.202272E-09
   4    7  -1.000000E-10   7.000000E-10   7.071068E-10
   4    8   1.500000E-09  -4.100000E-09   4.365776E-09
   4    9  -1.620000E-08  -2.660000E-08   3.114482E-08
   5    0   4.240000E-08   2.520000E-08   4.932342E-08
   5    1  -5.000000E-10   0.000000E+00   5.000000E-10
   5    2  -1.600000E-09   3.000000E-10   1.627882E-09
   5    3  -1.400000E-09  -3.200000E-09   3.492850E-09
   5    4   3.900000E-09   3.000000E-10   3.911521E-09
   5    5  -4.000000E-10   3.100000E-09   3.125700E-09
   5    6  -2.100000E-09  -4.500000E-09   4.965884E-09
   5    7   3.700000E-09  -9.000000E-10   3.807887E-09
   5    8  -2.300000E-09   1.500000E-09   2.745906E-09
   5    9  -3.810000E-08  -2.350000E-08   4.476449E-08
   6    0   5.290000E-08   2.460000E-08   5.834012E-08
   6    1  -7.000000E-10  -6.000000E-10   9.219544E-10
   6    2   9.000000E-10   2.300000E-09   2.469818E-09
   6    3  -4.200000E-09  -2.300000E-09   4.788528E-09
   6    4  -3.200000E-09   6.000000E-09   6.800000E-09
   6    5   2.400000E-09   3.800000E-09   4.494441E-09
   6    6   0.000000E+00   8.000000E-10   8.000000E-10
   6    7  -1.100000E-09   1.700000E-09   2.024846E-09
   6    8   4.000000E-10  -3.000000E-10   5.000000E-10
   6    9  -4.010000E-08  -2.490000E-08   4.720191E-08
   7    0   1.400000E-08   2.290000E-08   2.684045E-08
   7    1   2.000000E-10  -3.200000E-09   3.206244E-09
   7    2  -2.700000E-09   5.000000E-09   5.682429E-09
   7    3   8.000000E-10   6.000000E-10   1.000000E-09
   7    4   9.000000E-10   6.000000E-10   1.081665E-09
   7    5   2.000000E-10  -2.800000E-09   2.807134E-09
   7    6   4.200000E-09   1.500000E-09   4.459821E-09
   7    7  -3.400000E-09  -7.000000E-10   3.471311E-09
   7    8   1.500000E-09  -1.000000E-09   1.802776E-09
   7    9  -1.100000E-08  -2.390000E-08   2.630988E-08
   8    0   1.680000E-08   2.420000E-08   2.945980E-08
   8    1   4.000000E-10  -1.600000E-09   1.649242E-09
   8    2  -4.000000E-10  -1.900000E-09   1.941649E-09
   8    3   1.000000E-10   1.800000E-09   1.802776E-09
   8    4  -6.100000E-09   1.300000E-09   6.236986E-09
   8    5  -1.500000E-09   3.000000E-09   3.354102E-09
   8    6   1.000000E-10  -1.300000E-09   1.303840E-09
   8    7  -1.600000E-09  -2.100000E-09   2.640076E-09
   8    8   1.000000E-09   1.300000E-09   1.640122E-09
   8    9  -8.240000E-08  -2.540000E-08   8.622598E-08
   9    0  -1.241650E-05   1.241430E-05   1.755803E-05
   9    1  -2.620000E-08   4.600000E-09   2.660075E-08
   9    2  -2.290000E-08   4.620000E-08   5.156404E-08
   9    3  -2.370000E-08   4.830000E-08   5.380130E-08
   9    4  -2.590000E-08  -2.550000E-08   3.634639E-08
   9    5  -2.410000E-08   1.300000E-09   2.413504E-08
   9    6  -2.210000E-08  -5.900000E-08   6.300325E-08
   9    7  -2.600000E-08   4.750000E-08   5.415025E-08
   9    8  -2.110000E-08  -3.560000E-08   4.138321E-08
   9    9  -1.235930E-05  -1.227850E-05   1.742165E-05
