# TCRW Fig 2 current Jtot for omega = 1.00
# D_r =  1.000E-03   T =    10000000000
# columns:  x  y  Jx  Jy  |J|   (allowed sites only; counts/T_steps)
   0    0   2.474940E-05   2.536530E-05   3.543912E-05
   0    1   2.536220E-05   1.048200E-06   2.538385E-05
   0    2   2.580140E-05  -1.532200E-06   2.584685E-05
   0    3   2.321500E-05   1.245000E-07   2.321533E-05
   0    4   2.487930E-05  -3.200000E-07   2.488136E-05
   0    5   2.443110E-05  -6.687000E-07   2.444025E-05
   0    6   2.408320E-05  -1.628800E-06   2.413822E-05
   0    7   2.312470E-05  -7.211000E-07   2.313594E-05
   0    8   2.403340E-05   1.994900E-06   2.411605E-05
   0    9   2.674640E-05  -2.475190E-05   3.644210E-05
   1    0  -6.122000E-07   2.489920E-05   2.490672E-05
   1    1  -8.964000E-07  -6.392000E-07   1.100958E-06
   1    2   1.509000E-06  -1.676900E-06   2.255898E-06
   1    3  -7.535000E-07   1.000800E-06   1.252742E-06
   1    4  -2.150000E-07  -1.143000E-07   2.434943E-07
   1    5   6.817000E-07  -2.039700E-06   2.150602E-06
   1    6  -7.360000E-07   2.064200E-06   2.191488E-06
   1    7   2.113200E-06   3.168400E-06   3.808461E-06
   1    8  -4.575000E-07   3.067500E-06   3.101429E-06
   1    9   2.347100E-06  -2.674720E-05   2.684998E-05
   2    0  -1.510000E-07   2.440090E-05   2.440137E-05
   2    1  -3.225000E-07   4.110900E-06   4.123531E-06
   2    2   4.894300E-06   8.036000E-07   4.959833E-06
   2    3   1.311000E-06   1.152100E-06   1.745295E-06
   2    4   5.046000E-07  -2.149600E-06   2.208031E-06
   2    5  -3.238000E-07  -1.919700E-06   1.946817E-06
   2    6  -3.302900E-06   3.412900E-06   4.749425E-06
   2    7  -4.867000E-07  -5.979000E-07   7.709483E-07
   2    8  -1.548400E-06   5.705000E-07   1.650155E-06
   2    9   2.111300E-06  -2.709800E-05   2.718012E-05
   3    0   3.496000E-07   2.555310E-05   2.555549E-05
   3    1  -3.468600E-06   3.373000E-06   4.838214E-06
   3    2   2.252100E-06  -2.252300E-06   3.185092E-06
   3    3   1.496500E-06  -1.992500E-06   2.491901E-06
   3    4   1.474500E-06  -1.327900E-06   1.984306E-06
   3    5   1.089600E-06  -3.719000E-07   1.151320E-06
   3    6  -4.113400E-06  -8.115000E-07   4.192683E-06
   3    7  -3.512100E-06  -1.697800E-06   3.900945E-06
   3    8  -2.756100E-06   1.044100E-06   2.947241E-06
   3    9   1.841600E-06  -2.686000E-05   2.692306E-05
   4    0  -7.953000E-07   2.391160E-05   2.392482E-05
   4    1  -3.864500E-06  -2.055200E-06   4.377009E-06
   4    2  -3.269600E-06  -2.997000E-07   3.283307E-06
   4    3   3.942900E-06  -5.826000E-07   3.985710E-06
   4    4   2.238700E-06   6.937000E-07   2.343714E-06
   4    5   2.543900E-06  -1.832300E-06   3.135084E-06
   4    6   6.280000E-08   3.284400E-06   3.285000E-06
   4    7   8.678000E-07   1.899700E-06   2.088525E-06
   4    8  -2.658300E-06   1.075800E-06   2.867735E-06
   4    9   4.317000E-07  -2.659390E-05   2.659740E-05
   5    0   8.385000E-07   2.332270E-05   2.333777E-05
   5    1  -1.772000E-07  -6.290000E-08   1.880326E-07
   5    2  -3.628200E-06   1.242700E-06   3.835119E-06
   5    3  -1.440900E-06  -3.254700E-06   3.559391E-06
   5    4  -5.800000E-09  -8.489000E-07   8.489198E-07
   5    5   3.229400E-06   3.193000E-07   3.245147E-06
   5    6  -4.183000E-07   2.344600E-06   2.381622E-06
   5    7   5.161000E-07  -3.840000E-06   3.874527E-06
   5    8  -4.053500E-06   1.951000E-07   4.058192E-06
   5    9  -6.146000E-07  -2.517970E-05   2.518720E-05
   6    0   1.426700E-06   2.604420E-05   2.608325E-05
   6    1   2.189300E-06   4.175000E-07   2.228753E-06
   6    2  -1.003900E-06   2.445800E-06   2.643814E-06
   6    3   2.069400E-06   1.135800E-06   2.360605E-06
   6    4   5.451000E-07   1.185000E-07   5.578317E-07
   6    5  -2.080000E-07  -1.919400E-06   1.930637E-06
   6    6  -1.036000E-06  -3.340000E-07   1.088509E-06
   6    7   3.093400E-06  -2.001300E-06   3.684335E-06
   6    8  -1.686700E-06   1.903800E-06   2.543504E-06
   6    9  -1.720400E-06  -2.413730E-05   2.419853E-05
   7    0  -1.292300E-06   2.509280E-05   2.512606E-05
   7    1   1.361200E-06  -2.052500E-06   2.462848E-06
   7    2  -2.310000E-06   1.848200E-06   2.958368E-06
   7    3  -2.873000E-07  -5.767000E-07   6.443013E-07
   7    4   1.375800E-06  -1.297700E-06   1.891256E-06
   7    5   1.172000E-06  -3.585000E-07   1.225604E-06
   7    6  -2.386000E-07   1.208500E-06   1.231829E-06
   7    7   2.169500E-06  -2.014100E-06   2.960292E-06
   7    8  -8.254000E-07  -3.700000E-07   9.045359E-07
   7    9  -2.675000E-06  -2.303670E-05   2.319149E-05
   8    0  -3.456000E-07   2.652280E-05   2.652505E-05
   8    1   2.538400E-06   5.153000E-07   2.590175E-06
   8    2   2.510000E-08  -2.130000E-07   2.144738E-07
   8    3  -1.946200E-06  -1.357000E-06   2.372582E-06
   8    4  -3.515000E-07   6.166000E-07   7.097519E-07
   8    5   2.354100E-06   2.319000E-06   3.304474E-06
   8    6   2.280800E-06   2.342100E-06   3.269171E-06
   8    7   4.119900E-06  -1.252000E-06   4.305935E-06
   8    8   1.283000E-06   1.906500E-06   2.298006E-06
   8    9  -6.312000E-07  -2.207870E-05   2.208772E-05
   9    0  -2.652250E-05   2.475030E-05   3.627699E-05
   9    1  -2.560970E-05  -1.774900E-06   2.567113E-05
   9    2  -2.377550E-05  -8.557000E-07   2.379089E-05
   9    3  -2.423110E-05   9.776000E-07   2.425081E-05
   9    4  -2.633800E-05   5.229000E-07   2.634319E-05
   9    5  -2.689690E-05  -1.589800E-06   2.694384E-05
   9    6  -2.632590E-05  -2.145100E-06   2.641315E-05
   9    7  -2.336200E-05  -1.571700E-06   2.341481E-05
   9    8  -2.411870E-05   1.393500E-06   2.415892E-05
   9    9  -2.475660E-05  -2.411990E-05   3.456384E-05
