# TCRW Fig 2 current Jtot for omega = 0.00
# D_r =  1.000E-03   T =    10000000000
# columns:  x  y  Jx  Jy  |J|   (allowed sites only; counts/T_steps)
   0    0   2.402620E-05   2.474070E-05   3.448711E-05
   0    1   2.532780E-05   7.133000E-07   2.533784E-05
   0    2   2.652900E-05  -5.859000E-07   2.653547E-05
   0    3   2.554010E-05  -1.791100E-06   2.560283E-05
   0    4   2.342110E-05  -8.018000E-07   2.343482E-05
   0    5   2.373490E-05   1.320300E-06   2.377159E-05
   0    6   2.305900E-05   1.005900E-06   2.308093E-05
   0    7   2.343330E-05   1.678300E-06   2.349332E-05
   0    8   2.476790E-05   1.307600E-06   2.480239E-05
   0    9   2.474340E-05  -2.476930E-05   3.501077E-05
   1    0  -1.693000E-07   2.402560E-05   2.402620E-05
   1    1   9.543000E-07   7.572000E-07   1.218212E-06
   1    2  -6.238000E-07   1.548200E-06   1.669146E-06
   1    3  -1.461100E-06   8.452000E-07   1.687950E-06
   1    4  -8.720000E-08  -1.646100E-06   1.648408E-06
   1    5  -7.086000E-07  -1.718200E-06   1.858582E-06
   1    6  -1.073200E-06   3.476000E-07   1.128089E-06
   1    7   2.134000E-06   7.736000E-07   2.269893E-06
   1    8   5.751000E-07  -4.218000E-07   7.132007E-07
   1    9  -3.020000E-08  -2.400620E-05   2.400622E-05
   2    0   1.976300E-06   2.456900E-05   2.464836E-05
   2    1   9.131000E-07  -1.732400E-06   1.958306E-06
   2    2   1.859600E-06  -7.831000E-07   2.017761E-06
   2    3   2.244300E-06  -1.777200E-06   2.862747E-06
   2    4   1.314500E-06  -1.486800E-06   1.984562E-06
   2    5  -1.710000E-06  -3.664800E-06   4.044114E-06
   2    6   2.223500E-06  -1.088700E-06   2.475726E-06
   2    7   2.332200E-06   2.510000E-07   2.345668E-06
   2    8   7.098000E-07  -9.820000E-07   1.211668E-06
   2    9   7.311000E-07  -2.590580E-05   2.591611E-05
   3    0   1.989700E-06   2.671670E-05   2.679069E-05
   3    1   2.040000E-07  -1.247100E-06   1.263675E-06
   3    2   4.490000E-07  -7.840000E-08   4.557933E-07
   3    3  -3.021700E-06   1.010300E-06   3.186123E-06
   3    4  -2.679500E-06   2.562100E-06   3.707300E-06
   3    5  -2.055100E-06  -5.189000E-07   2.119597E-06
   3    6   1.900000E-07   6.122000E-07   6.410061E-07
   3    7  -1.818300E-06   1.059500E-06   2.104461E-06
   3    8   1.354200E-06   2.775900E-06   3.088605E-06
   3    9  -1.159400E-06  -2.634070E-05   2.636620E-05
   4    0   2.514700E-06   2.673080E-05   2.684882E-05
   4    1  -1.015100E-06  -3.373000E-07   1.069673E-06
   4    2  -2.547000E-06   2.187000E-07   2.556372E-06
   4    3  -1.830300E-06  -5.461000E-07   1.910032E-06
   4    4   4.163000E-07   1.613000E-07   4.464565E-07
   4    5   9.286000E-07   8.950000E-08   9.329031E-07
   4    6  -1.396100E-06  -1.259100E-06   1.880007E-06
   4    7  -1.253500E-06   1.905000E-07   1.267893E-06
   4    8  -6.985000E-07   3.664000E-06   3.729986E-06
   4    9  -1.603000E-06  -2.242150E-05   2.247873E-05
   5    0   1.894000E-07   2.726050E-05   2.726116E-05
   5    1  -2.117600E-06   7.808000E-07   2.256962E-06
   5    2  -5.108000E-07  -7.660000E-07   9.206914E-07
   5    3   2.469000E-06  -1.102500E-06   2.703972E-06
   5    4   2.822700E-06  -2.606900E-06   3.842338E-06
   5    5   2.276400E-06  -1.736600E-06   2.863176E-06
   5    6  -9.778000E-07  -3.577100E-06   3.708333E-06
   5    7   1.112200E-06  -1.533000E-06   1.893958E-06
   5    8  -1.573100E-06  -1.622700E-06   2.260044E-06
   5    9   2.320600E-06  -2.111030E-05   2.123747E-05
   6    0  -1.374600E-06   2.492950E-05   2.496737E-05
   6    1  -1.453100E-06   1.772600E-06   2.292076E-06
   6    2   5.688000E-07   1.722900E-06   1.814364E-06
   6    3   1.520700E-06   1.140000E-06   1.900560E-06
   6    4  -5.648000E-07   2.046000E-07   6.007164E-07
   6    5  -9.470000E-07   2.342000E-07   9.755299E-07
   6    6  -1.418200E-06  -1.766800E-06   2.265585E-06
   6    7   7.458000E-07  -1.050300E-06   1.288157E-06
   6    8  -1.284600E-06  -3.848500E-06   4.057234E-06
   6    9   3.634700E-06  -2.276940E-05   2.305768E-05
   7    0   1.673000E-07   2.337090E-05   2.337150E-05
   7    1   1.861300E-06  -1.437500E-06   2.351775E-06
   7    2   9.004000E-07   4.714000E-07   1.016336E-06
   7    3  -2.401800E-06   2.344600E-06   3.356455E-06
   7    4  -6.555000E-07   2.978700E-06   3.049973E-06
   7    5  -2.743300E-06  -7.760000E-08   2.744397E-06
   7    6  -2.474100E-06   1.562800E-06   2.926348E-06
   7    7  -9.860000E-07   1.452700E-06   1.755714E-06
   7    8  -1.040600E-06  -1.341900E-06   1.698100E-06
   7    9   1.970400E-06  -2.391470E-05   2.399574E-05
   8    0  -4.316000E-07   2.491060E-05   2.491434E-05
   8    1   9.854000E-07   9.206000E-07   1.348524E-06
   8    2  -1.247100E-06  -1.517400E-06   1.964118E-06
   8    3   1.095700E-06  -6.841000E-07   1.291724E-06
   8    4   2.539000E-06   5.888000E-07   2.606378E-06
   8    5  -2.364100E-06  -2.302700E-06   3.300212E-06
   8    6   2.723400E-06  -1.956000E-07   2.730415E-06
   8    7   3.289600E-06  -2.153700E-06   3.931907E-06
   8    8   2.731100E-06  -2.884800E-06   3.972528E-06
   8    9   8.290000E-07  -2.684920E-05   2.686200E-05
   9    0  -2.474300E-05   2.431230E-05   3.468867E-05
   9    1  -2.431260E-05   1.150600E-06   2.433981E-05
   9    2  -2.589510E-05  -7.565000E-07   2.590615E-05
   9    3  -2.398380E-05   7.321000E-07   2.399497E-05
   9    4  -2.547500E-05   1.097900E-06   2.549865E-05
   9    5  -2.583710E-05  -1.044200E-06   2.585819E-05
   9    6  -2.369640E-05   1.518400E-06   2.374500E-05
   9    7  -2.625900E-05   2.058500E-06   2.633956E-05
   9    8  -2.679420E-05   2.106300E-06   2.687686E-05
   9    9  -2.684670E-05  -2.473720E-05   3.650581E-05
