# TCRW Fig 2 occupancy P(X,Y)
# omega = 0.00   D_r =  1.000E-03   T =    10000000000
# columns: x   y   P(x,y)
   0    0    4.956134E-02
   0    1    2.484168E-02
   0    2    2.481642E-02
   0    3    2.484140E-02
   0    4    2.487697E-02
   0    5    2.488113E-02
   0    6    2.484717E-02
   0    7    2.486570E-02
   0    8    2.486584E-02
   0    9    4.961454E-02

   1    0    2.487212E-02
   1    1    9.900460E-05
   1    2    1.016393E-04
   1    3    1.019341E-04
   1    4    9.958450E-05
   1    5    9.542310E-05
   1    6    9.226250E-05
   1    7    9.443410E-05
   1    8    9.749530E-05
   1    9    2.478243E-02

   2    0    2.485928E-02
   2    1    1.018475E-04
   2    2    1.021134E-04
   2    3    1.036525E-04
   2    4    1.039512E-04
   2    5    9.839650E-05
   2    6    9.415880E-05
   2    7    9.787050E-05
   2    8    1.001991E-04
   2    9    2.484540E-02

   3    0    2.475646E-02
   3    1    1.059488E-04
   3    2    1.052854E-04
   3    3    1.036419E-04
   3    4    1.015106E-04
   3    5    9.881840E-05
   3    6    9.703940E-05
   3    7    9.708350E-05
   3    8    1.004594E-04
   3    9    2.481789E-02

   4    0    2.489788E-02
   4    1    1.067282E-04
   4    2    1.030384E-04
   4    3    9.832680E-05
   4    4    9.651800E-05
   4    5    9.812160E-05
   4    6    9.648020E-05
   4    7    9.275960E-05
   4    8    9.466350E-05
   4    9    2.487890E-02

   5    0    2.484389E-02
   5    1    1.031443E-04
   5    2    1.005260E-04
   5    3    1.006158E-04
   5    4    1.022100E-04
   5    5    1.029668E-04
   5    6    9.894660E-05
   5    7    9.397340E-05
   5    8    9.036200E-05
   5    9    2.478649E-02

   6    0    2.485804E-02
   6    1    9.701460E-05
   6    2    9.962440E-05
   6    3    1.045757E-04
   6    4    1.068695E-04
   6    5    1.058009E-04
   6    6    1.019111E-04
   6    7    9.841520E-05
   6    8    9.297500E-05
   6    9    2.483348E-02

   7    0    2.475492E-02
   7    1    9.708620E-05
   7    2    9.888770E-05
   7    3    1.002087E-04
   7    4    1.024646E-04
   7    5    1.019567E-04
   7    6    9.821560E-05
   7    7    9.776150E-05
   7    8    9.584480E-05
   7    9    2.476343E-02

   8    0    2.483265E-02
   8    1    1.004473E-04
   8    2    9.958810E-05
   8    3    9.723000E-05
   8    4    1.007724E-04
   8    5    9.923530E-05
   8    6    9.710210E-05
   8    7    1.007770E-04
   8    8    1.017728E-04
   8    9    2.483210E-02

   9    0    4.969655E-02
   9    1    2.493150E-02
   9    2    2.493259E-02
   9    3    2.496167E-02
   9    4    2.493243E-02
   9    5    2.479110E-02
   9    6    2.487688E-02
   9    7    2.486578E-02
   9    8    2.491513E-02
   9    9    4.949914E-02

