# TCRW Fig 2 current JDr for omega = 1.00
# D_r =  1.000E-03   T =    10000000000
# columns:  x  y  Jx  Jy  |J|   (allowed sites only; counts/T_steps)
   0    0   2.474940E-05   2.670000E-08   2.474941E-05
   0    1   2.380000E-08  -2.472440E-05   2.472441E-05
   0    2   2.640000E-08  -2.472430E-05   2.472431E-05
   0    3   2.400000E-08  -2.472640E-05   2.472641E-05
   0    4   2.590000E-08  -2.472860E-05   2.472861E-05
   0    5   2.450000E-08  -2.472780E-05   2.472781E-05
   0    6   2.280000E-08  -2.473000E-05   2.473001E-05
   0    7   2.290000E-08  -2.473040E-05   2.473041E-05
   0    8   2.580000E-08  -2.472680E-05   2.472681E-05
   0    9   2.410000E-08  -2.475190E-05   2.475191E-05
   1    0   2.472470E-05   2.290000E-08   2.472471E-05
   1    1   9.000000E-10  -2.500000E-09   2.657066E-09
   1    2   3.400000E-09   2.000000E-10   3.405877E-09
   1    3   8.000000E-10  -1.000000E-09   1.280625E-09
   1    4  -1.400000E-09   7.000000E-10   1.565248E-09
   1    5   2.900000E-09  -2.000000E-10   2.906888E-09
   1    6  -3.300000E-09   1.000000E-09   3.448188E-09
   1    7   1.000000E-09   4.100000E-09   4.220190E-09
   1    8   6.000000E-10   1.500000E-09   1.615549E-09
   1    9  -2.472530E-05  -2.720000E-08   2.472531E-05
   2    0   2.472640E-05   2.380000E-08   2.472641E-05
   2    1  -2.900000E-09  -8.000000E-10   3.008322E-09
   2    2   5.000000E-10   8.000000E-10   9.433981E-10
   2    3   2.700000E-09   1.500000E-09   3.088689E-09
   2    4   3.700000E-09   3.200000E-09   4.891830E-09
   2    5  -2.200000E-09  -1.400000E-09   2.607681E-09
   2    6  -3.100000E-09  -7.000000E-10   3.178050E-09
   2    7   7.000000E-10   4.000000E-10   8.062258E-10
   2    8   4.000000E-10   0.000000E+00   4.000000E-10
   2    9  -2.472430E-05  -2.590000E-08   2.472431E-05
   3    0   2.472790E-05   2.710000E-08   2.472791E-05
   3    1  -5.300000E-09   1.300000E-09   5.457105E-09
   3    2  -3.000000E-10  -2.000000E-10   3.605551E-10
   3    3  -1.800000E-09  -2.700000E-09   3.244996E-09
   3    4   5.100000E-09   4.000000E-10   5.115662E-09
   3    5  -6.000000E-10   2.700000E-09   2.765863E-09
   3    6  -9.000000E-10   1.100000E-09   1.421267E-09
   3    7   9.000000E-10  -3.300000E-09   3.420526E-09
   3    8  -6.000000E-10   1.400000E-09   1.523155E-09
   3    9  -2.472730E-05  -2.410000E-08   2.472731E-05
   4    0   2.472930E-05   2.230000E-08   2.472931E-05
   4    1  -1.000000E-10  -4.300000E-09   4.301163E-09
   4    2  -2.300000E-09  -9.000000E-10   2.469818E-09
   4    3   2.800000E-09   2.600000E-09   3.820995E-09
   4    4  -4.300000E-09   2.800000E-09   5.131277E-09
   4    5   4.900000E-09   5.000000E-10   4.925444E-09
   4    6   6.000000E-10   2.800000E-09   2.863564E-09
   4    7  -9.000000E-10   2.200000E-09   2.376973E-09
   4    8  -1.600000E-09  -1.200000E-09   2.000000E-09
   4    9  -2.472460E-05  -2.520000E-08   2.472461E-05
   5    0   2.472910E-05   2.590000E-08   2.472911E-05
   5    1  -5.400000E-09   1.800000E-09   5.692100E-09
   5    2  -9.000000E-10  -1.000000E-09   1.345362E-09
   5    3   1.100000E-09  -7.000000E-10   1.303840E-09
   5    4   7.000000E-10  -2.800000E-09   2.886174E-09
   5    5  -1.000000E-10   0.000000E+00   1.000000E-10
   5    6  -3.700000E-09  -1.600000E-09   4.031129E-09
   5    7   5.800000E-09  -2.800000E-09   6.440497E-09
   5    8  -4.100000E-09   1.000000E-10   4.101219E-09
   5    9  -2.472400E-05  -2.440000E-08   2.472401E-05
   6    0   2.472290E-05   2.710000E-08   2.472291E-05
   6    1   2.400000E-09   2.400000E-09   3.394113E-09
   6    2   4.000000E-10   2.000000E-10   4.472136E-10
   6    3  -1.800000E-09   2.800000E-09   3.328663E-09
   6    4  -1.100000E-09   3.000000E-10   1.140175E-09
   6    5   2.100000E-09  -3.000000E-10   2.121320E-09
   6    6  -7.000000E-10  -4.400000E-09   4.455334E-09
   6    7   2.500000E-09  -1.000000E-09   2.692582E-09
   6    8  -2.000000E-10  -3.100000E-09   3.106445E-09
   6    9  -2.472960E-05  -2.390000E-08   2.472961E-05
   7    0   2.472380E-05   2.490000E-08   2.472381E-05
   7    1   4.000000E-09   0.000000E+00   4.000000E-09
   7    2  -3.100000E-09  -3.000000E-10   3.114482E-09
   7    3   1.000000E-10  -2.700000E-09   2.701851E-09
   7    4  -1.400000E-09   0.000000E+00   1.400000E-09
   7    5   3.500000E-09  -1.500000E-09   3.807887E-09
   7    6   3.000000E-09   1.600000E-09   3.400000E-09
   7    7   4.000000E-10  -7.000000E-10   8.062258E-10
   7    8  -6.000000E-10  -6.000000E-10   8.485281E-10
   7    9  -2.472970E-05  -2.490000E-08   2.472971E-05
   8    0   2.472100E-05   2.750000E-08   2.472102E-05
   8    1   1.800000E-09  -1.800000E-09   2.545584E-09
   8    2   2.600000E-09  -1.500000E-09   3.001666E-09
   8    3  -1.000000E-10  -2.900000E-09   2.901724E-09
   8    4  -1.600000E-09   1.000000E-09   1.886796E-09
   8    5   5.000000E-10   2.000000E-09   2.061553E-09
   8    6   1.000000E-10   2.900000E-09   2.901724E-09
   8    7   3.800000E-09  -5.000000E-10   3.832754E-09
   8    8  -1.000000E-09  -3.000000E-10   1.044031E-09
   8    9  -2.472730E-05  -2.680000E-08   2.472731E-05
   9    0  -2.310000E-08   2.475030E-05   2.475031E-05
   9    1  -2.590000E-08   2.472630E-05   2.472631E-05
   9    2  -2.410000E-08   2.472930E-05   2.472931E-05
   9    3  -2.450000E-08   2.472930E-05   2.472931E-05
   9    4  -2.460000E-08   2.472400E-05   2.472401E-05
   9    5  -2.500000E-08   2.472550E-05   2.472551E-05
   9    6  -2.460000E-08   2.472580E-05   2.472581E-05
   9    7  -2.170000E-08   2.473350E-05   2.473351E-05
   9    8  -2.210000E-08   2.473340E-05   2.473341E-05
   9    9  -2.475660E-05  -2.360000E-08   2.475661E-05
