# TCRW Fig 2 current Jtot defects, omega = 0.00
# D_r =  1.000E-03   T =    10000000000
# columns:  x  y  Jx  Jy  |J|   (allowed sites only; counts/T_steps)
   0    0   1.680980E-05   1.780640E-05   2.448749E-05
   0    1   1.647820E-05   9.934000E-07   1.650812E-05
   0    2   1.674740E-05   1.330600E-06   1.680018E-05
   0    3   1.751990E-05   1.056900E-06   1.755175E-05
   0    4   1.690320E-05   2.889000E-07   1.690567E-05
   0    5   1.712430E-05   9.052000E-07   1.714821E-05
   0    6   1.740140E-05   6.865000E-07   1.741494E-05
   0    7   1.730840E-05   4.075000E-07   1.731320E-05
   0    8   1.819120E-05   5.022000E-07   1.819813E-05
   0    9   1.781000E-05  -1.819070E-05   2.545776E-05
   1    0  -5.020000E-08   1.681010E-05   1.681017E-05
   1    1   1.126000E-07  -1.275600E-06   1.280560E-06
   1    2  -1.504900E-06  -1.757000E-07   1.515122E-06
   1    3   1.122100E-06   2.543700E-06   2.780201E-06
   1    4   4.324000E-07  -9.707000E-07   1.062652E-06
   1    5   1.594200E-06  -8.266000E-07   1.795756E-06
   1    6   1.562400E-06  -1.097700E-06   1.909460E-06
   1    7   1.067000E-07  -1.383800E-06   1.387908E-06
   1    8   1.925400E-06   6.807000E-07   2.042185E-06
   1    9  -3.796000E-07  -1.923210E-05   1.923585E-05
   2    0   4.818000E-07   1.775480E-05   1.776134E-05
   2    1   4.507000E-07  -1.359900E-06   1.432640E-06
   2    2   6.124000E-07  -3.232600E-06   3.290097E-06
   2    3  -1.497300E-05   3.315000E-07   1.497667E-05
   2    4  -1.787310E-05   4.094000E-07   1.787779E-05
   2    5  -1.794840E-05   9.569000E-07   1.797389E-05
   2    6  -1.849750E-05   1.149800E-06   1.853320E-05
   2    7  -4.829000E-07  -3.190000E-08   4.839525E-07
   2    8  -1.338000E-07   1.019600E-06   1.028342E-06
   2    9  -1.424000E-06  -1.737640E-05   1.743465E-05
   3    0   1.189000E-06   1.828380E-05   1.832242E-05
   3    1  -1.326800E-06  -7.886000E-07   1.543466E-06
   3    2  -6.636000E-07  -1.695690E-05   1.696988E-05
   3    7   3.184000E-07   1.821290E-05   1.821568E-05
   3    8  -1.400300E-06  -4.875000E-07   1.482733E-06
   3    9   4.371000E-07  -1.681450E-05   1.682018E-05
   4    0   3.476000E-07   1.899500E-05   1.899818E-05
   4    1  -1.893500E-06  -1.194000E-06   2.238521E-06
   4    2   5.825000E-07  -1.710320E-05   1.711312E-05
   4    4   1.915720E-05   1.754670E-05   2.597855E-05
   4    5   1.891570E-05  -1.613300E-06   1.898437E-05
   4    6   1.800820E-05  -1.375100E-06   1.806062E-05
   4    7  -4.319000E-07  -1.465000E-07   4.560700E-07
   4    8   4.686000E-07  -2.996000E-07   5.561889E-07
   4    9   9.926000E-07  -1.833090E-05   1.835775E-05
   5    0   2.455700E-06   1.815110E-05   1.831647E-05
   5    1  -1.068800E-06  -3.157800E-06   3.333772E-06
   5    2   4.369000E-07  -1.708840E-05   1.709398E-05
   5    4   1.240600E-06   1.915600E-05   1.919613E-05
   5    5  -1.102800E-06   1.339000E-07   1.110899E-06
   5    6  -1.183700E-06  -4.470000E-08   1.184544E-06
   5    7  -2.158000E-07  -6.233000E-07   6.596003E-07
   5    8   1.163100E-06   5.363000E-07   1.280789E-06
   5    9  -5.190000E-07  -1.827710E-05   1.828447E-05
   6    0   3.129700E-06   2.025790E-05   2.049823E-05
   6    1  -1.210400E-06  -3.846800E-06   4.032733E-06
   6    2   4.508000E-07  -1.905240E-05   1.905773E-05
   6    4   5.041000E-07   1.878280E-05   1.878956E-05
   6    5   8.450000E-08  -1.700000E-09   8.451710E-08
   6    6   4.390000E-08  -1.128500E-06   1.129354E-06
   6    7  -2.982000E-07  -3.012000E-07   4.238451E-07
   6    8   1.051200E-06   8.377000E-07   1.344159E-06
   6    9  -4.700000E-07  -1.884170E-05   1.884756E-05
   7    0   8.193000E-07   2.093240E-05   2.094843E-05
   7    1  -2.336900E-06   4.314000E-07   2.376385E-06
   7    2  -1.754300E-06  -1.055400E-06   2.047300E-06
   7    3   1.636050E-05   2.421000E-07   1.636229E-05
   7    4   6.308000E-07   1.689600E-06   1.803512E-06
   7    5  -1.047500E-06   6.899000E-07   1.254280E-06
   7    6  -1.606000E-06   1.089300E-06   1.940570E-06
   7    7   3.856000E-07   1.785000E-07   4.249113E-07
   7    8   1.446000E-06   3.633000E-07   1.490940E-06
   7    9  -1.034700E-06  -1.888280E-05   1.891113E-05
   8    0  -6.018000E-07   1.862350E-05   1.863322E-05
   8    1  -1.590700E-06   1.395700E-06   2.116201E-06
   8    2   2.726000E-07   2.714000E-07   3.846670E-07
   8    3  -1.906200E-06  -2.505500E-06   3.148195E-06
   8    4   2.345000E-06   2.776200E-06   3.634049E-06
   8    5  -4.230000E-07  -1.702600E-06   1.754359E-06
   8    6   2.500000E-07  -4.929000E-07   5.526757E-07
   8    7   1.401100E-06   1.220100E-06   1.857882E-06
   8    8  -1.060700E-06   2.255000E-07   1.084405E-06
   8    9  -1.076700E-06  -1.741440E-05   1.744765E-05
   9    0  -1.780540E-05   1.720080E-05   2.475681E-05
   9    1  -1.720100E-05  -7.746000E-07   1.721843E-05
   9    2  -1.703200E-05   1.060900E-06   1.706501E-05
   9    3  -1.886720E-05  -2.408100E-06   1.902026E-05
   9    4  -1.539590E-05   8.968000E-07   1.542200E-05
   9    5  -1.870460E-05  -5.120000E-08   1.870467E-05
   9    6  -1.775260E-05  -5.517000E-07   1.776117E-05
   9    7  -1.725770E-05   8.546000E-07   1.727885E-05
   9    8  -1.865950E-05  -3.947000E-07   1.866367E-05
   9    9  -1.741620E-05  -1.780870E-05   2.490931E-05
