# TCRW Fig 1(d) MSD | omega =  1.00 | D_r =  1.000E-03 | T =    1000000 | N_traj =    500
# columns:  t   <|r|^2>
         1    1.000000E+00
         2    1.998000E+00
         3    1.008000E+00
         4    2.400000E-02
         5    1.012000E+00
         6    1.988000E+00
         7    1.016000E+00
         8    4.400000E-02
         9    1.016000E+00
        12    6.400000E-02
        16    7.400000E-02
        22    1.968000E+00
        29    1.042000E+00
        39    1.054000E+00
        51    1.072000E+00
        68    2.360000E-01
        91    1.106000E+00
       120    3.880000E-01
       159    1.146000E+00
       212    5.600000E-01
       281    1.302000E+00
       372    8.900000E-01
       494    1.876000E+00
       655    1.658000E+00
       868    1.576000E+00
      1151    2.112000E+00
      1526    2.408000E+00
      2023    2.802000E+00
      2682    3.446000E+00
      3556    4.286000E+00
      4714    5.238000E+00
      6250    6.926000E+00
      8286    8.684000E+00
     10985    1.141600E+01
     14563    1.496200E+01
     19306    1.921600E+01
     25595    2.577200E+01
     33932    3.363400E+01
     44984    4.283200E+01
     59636    5.653200E+01
     79060    7.435400E+01
    104811    9.803800E+01
    138949    1.353420E+02
    184206    1.793280E+02
    244205    2.297080E+02
    323745    3.053440E+02
    429193    4.144280E+02
    568986    5.507460E+02
    754312    7.317480E+02
   1000000    9.560360E+02
