# TCRW Fig 1(d) MSD | omega =  0.10 | D_r =  1.000E-03 | T =    1000000 | N_traj =    500
# columns:  t   <|r|^2>
         1    1.000000E+00
         2    2.000000E+00
         3    1.680000E+00
         4    1.322000E+00
         5    1.920000E+00
         6    2.564000E+00
         7    2.456000E+00
         8    2.428000E+00
         9    2.886000E+00
        12    3.818000E+00
        16    4.502000E+00
        22    6.214000E+00
        29    7.866000E+00
        39    9.878000E+00
        51    1.282200E+01
        68    1.668600E+01
        91    2.137800E+01
       120    2.749800E+01
       159    3.734800E+01
       212    5.098800E+01
       281    6.564200E+01
       372    8.870000E+01
       494    1.132280E+02
       655    1.487560E+02
       868    1.922440E+02
      1151    2.538120E+02
      1526    3.291720E+02
      2023    4.229140E+02
      2682    5.665660E+02
      3556    7.445400E+02
      4714    9.653560E+02
      6250    1.339558E+03
      8286    1.786912E+03
     10985    2.488304E+03
     14563    3.221016E+03
     19306    4.124154E+03
     25595    5.336398E+03
     33932    7.107290E+03
     44984    9.593240E+03
     59636    1.360855E+04
     79060    1.806486E+04
    104811    2.478188E+04
    138949    3.353779E+04
    184206    4.253725E+04
    244205    5.383539E+04
    323745    7.499605E+04
    429193    9.944772E+04
    568986    1.333806E+05
    754312    1.791597E+05
   1000000    2.444274E+05
