# TCRW Fig 1(d) | D_r =  1.000E-02  T =    1000000  N_traj =    500
# fit window: t >=  1.000E+03
# columns:  omega   D_fit   D_err   slope   slope_err   D_end
  0.00   3.00560E-03   1.24376E-04   9.84615E-01   3.89351E-03   2.54425E-03
  0.10   5.59616E-02   2.29192E-03   9.97480E-01   3.85339E-03   5.31534E-02
  0.20   1.18811E-01   4.17333E-03   1.00117E+00   3.30492E-03   1.18687E-01
  0.30   1.83288E-01   5.59410E-03   9.99831E-01   2.87164E-03   1.87490E-01
  0.40   2.07412E-01   7.54971E-03   1.00820E+00   3.42476E-03   2.21943E-01
  0.50   2.98573E-01   1.37390E-02   9.85479E-01   4.32951E-03   2.53320E-01
  0.60   2.51178E-01   8.86483E-03   9.94140E-01   3.32065E-03   2.34642E-01
  0.70   1.65772E-01   5.87555E-03   1.00648E+00   3.33482E-03   1.78443E-01
  0.80   1.34222E-01   4.88782E-03   9.88880E-01   3.42631E-03   1.13693E-01
  0.90   5.80458E-02   1.98429E-03   1.00044E+00   3.21639E-03   5.81096E-02
  1.00   3.31490E-03   1.49603E-04   9.73036E-01   4.24623E-03   2.40241E-03
