# TCRW Fig 2 current JDr for omega = 0.50
# D_r =  1.000E-03   T =    10000000000
# columns:  x  y  Jx  Jy  |J|   (allowed sites only; counts/T_steps)
   1    1   1.549280E-05   1.550350E-05   2.191770E-05
   1    2   2.920000E-08   1.950000E-08   3.511253E-08
   1    3   2.840000E-08   1.590000E-08   3.254796E-08
   1    4   3.000000E-08  -7.600000E-08   8.170679E-08
   1    5   3.070000E-08  -1.681000E-07   1.708804E-07
   1    6   2.800000E-08   1.195000E-07   1.227365E-07
   1    7   3.120000E-08   1.230000E-08   3.353699E-08
   1    8   1.542640E-05  -1.560140E-05   2.194032E-05
   2    1   5.360000E-08   3.290000E-08   6.289173E-08
   2    2   1.500000E-09  -8.000000E-10   1.700000E-09
   2    3   2.200000E-09  -1.900000E-09   2.906888E-09
   2    4  -1.400000E-09  -1.400000E-09   1.979899E-09
   2    5  -2.600000E-09   1.600000E-09   3.052868E-09
   2    6   2.300000E-09   5.000000E-10   2.353720E-09
   2    7  -2.100000E-09  -4.400000E-09   4.875449E-09
   2    8  -2.820000E-08  -3.010000E-08   4.124621E-08
   3    1   6.000000E-08   3.110000E-08   6.758114E-08
   3    2  -2.800000E-09   4.900000E-09   5.643580E-09
   3    3   3.700000E-09   4.300000E-09   5.672742E-09
   3    4   1.000000E-10  -3.000000E-10   3.162278E-10
   3    5  -3.400000E-09   5.600000E-09   6.551336E-09
   3    6   3.200000E-09   1.300000E-09   3.453983E-09
   3    7   1.900000E-09   1.500000E-09   2.420744E-09
   3    8  -2.430000E-08  -3.280000E-08   4.082071E-08
   4    1  -8.800000E-09   3.190000E-08   3.309154E-08
   4    2   1.800000E-09   5.000000E-10   1.868154E-09
   4    3   6.000000E-09   1.000000E-09   6.082763E-09
   4    4   1.700000E-09  -1.400000E-09   2.202272E-09
   4    5  -2.700000E-09  -9.000000E-10   2.846050E-09
   4    6   4.200000E-09   3.900000E-09   5.731492E-09
   4    7  -2.500000E-09  -4.000000E-09   4.716991E-09
   4    8   8.670000E-08  -3.050000E-08   9.190832E-08
   5    1  -6.300000E-09   3.070000E-08   3.133975E-08
   5    2   3.000000E-10  -2.000000E-10   3.605551E-10
   5    3  -2.100000E-09   2.500000E-09   3.264966E-09
   5    4   2.100000E-09   1.500000E-09   2.580698E-09
   5    5  -8.000000E-10  -2.000000E-10   8.246211E-10
   5    6   1.700000E-09  -9.000000E-10   1.923538E-09
   5    7   8.000000E-10  -3.100000E-09   3.201562E-09
   5    8  -3.930000E-08  -2.780000E-08   4.813865E-08
   6    1   3.110000E-08   3.330000E-08   4.556424E-08
   6    2  -3.300000E-09   0.000000E+00   3.300000E-09
   6    3  -9.000000E-10  -2.000000E-10   9.219544E-10
   6    4   2.700000E-09   1.200000E-09   2.954657E-09
   6    5   9.000000E-10  -7.000000E-10   1.140175E-09
   6    6  -9.000000E-10  -5.700000E-09   5.770615E-09
   6    7   1.000000E-09   2.100000E-09   2.325941E-09
   6    8  -2.880000E-08  -3.150000E-08   4.268126E-08
   7    1   6.430000E-08   3.090000E-08   7.133933E-08
   7    2  -2.400000E-09  -1.900000E-09   3.061046E-09
   7    3  -8.000000E-10   5.000000E-10   9.433981E-10
   7    4  -4.000000E-10   1.700000E-09   1.746425E-09
   7    5   0.000000E+00  -4.400000E-09   4.400000E-09
   7    6   3.100000E-09   1.000000E-09   3.257299E-09
   7    7   3.200000E-09   1.300000E-09   3.453983E-09
   7    8   6.700000E-09  -3.310000E-08   3.377129E-08
   8    1  -1.551420E-05   1.552520E-05   2.194817E-05
   8    2  -3.520000E-08   7.190000E-08   8.005404E-08
   8    3  -3.420000E-08  -1.010000E-08   3.566020E-08
   8    4  -3.240000E-08   2.210000E-08   3.921951E-08
   8    5  -3.020000E-08   1.430000E-08   3.341452E-08
   8    6  -3.070000E-08   5.290000E-08   6.116290E-08
   8    7  -3.050000E-08   3.100000E-09   3.065714E-08
   8    8  -1.551320E-05  -1.547930E-05   2.191502E-05
