# TCRW Fig 2 occupancy P(X,Y)
# omega = 1.00   D_r =  1.000E-03   T =    10000000000
# columns: x   y   P(x,y)
   0    0    0.000000E+00
   0    1    0.000000E+00
   0    2    0.000000E+00
   0    3    0.000000E+00
   0    4    0.000000E+00
   0    5    0.000000E+00
   0    6    0.000000E+00
   0    7    0.000000E+00
   0    8    0.000000E+00
   0    9    0.000000E+00

   1    0    0.000000E+00
   1    1    6.214804E-02
   1    2    3.114508E-02
   1    3    3.116654E-02
   1    4    3.109034E-02
   1    5    3.108738E-02
   1    6    3.112307E-02
   1    7    3.108994E-02
   1    8    6.211687E-02
   1    9    0.000000E+00

   2    0    0.000000E+00
   2    1    3.111169E-02
   2    2    1.199326E-04
   2    3    1.202237E-04
   2    4    1.235568E-04
   2    5    1.240728E-04
   2    6    1.268374E-04
   2    7    1.300375E-04
   2    8    3.112056E-02
   2    9    0.000000E+00

   3    0    0.000000E+00
   3    1    3.120928E-02
   3    2    1.240211E-04
   3    3    1.223116E-04
   3    4    1.266874E-04
   3    5    1.277013E-04
   3    6    1.289756E-04
   3    7    1.314613E-04
   3    8    3.120456E-02
   3    9    0.000000E+00

   4    0    0.000000E+00
   4    1    3.122928E-02
   4    2    1.244437E-04
   4    3    1.239392E-04
   4    4    1.291364E-04
   4    5    1.319368E-04
   4    6    1.304482E-04
   4    7    1.298039E-04
   4    8    3.104267E-02
   4    9    0.000000E+00

   5    0    0.000000E+00
   5    1    3.096035E-02
   5    2    1.252571E-04
   5    3    1.288869E-04
   5    4    1.323545E-04
   5    5    1.313998E-04
   5    6    1.292370E-04
   5    7    1.298789E-04
   5    8    3.113159E-02
   5    9    0.000000E+00

   6    0    0.000000E+00
   6    1    3.110380E-02
   6    2    1.264478E-04
   6    3    1.310417E-04
   6    4    1.334655E-04
   6    5    1.297686E-04
   6    6    1.269743E-04
   6    7    1.306059E-04
   6    8    3.112282E-02
   6    9    0.000000E+00

   7    0    0.000000E+00
   7    1    3.112830E-02
   7    2    1.289936E-04
   7    3    1.311501E-04
   7    4    1.318151E-04
   7    5    1.320073E-04
   7    6    1.300804E-04
   7    7    1.263296E-04
   7    8    3.116767E-02
   7    9    0.000000E+00

   8    0    0.000000E+00
   8    1    6.201492E-02
   8    2    3.112741E-02
   8    3    3.117719E-02
   8    4    3.108763E-02
   8    5    3.114836E-02
   8    6    3.111197E-02
   8    7    3.105190E-02
   8    8    6.216957E-02
   8    9    0.000000E+00

   9    0    0.000000E+00
   9    1    0.000000E+00
   9    2    0.000000E+00
   9    3    0.000000E+00
   9    4    0.000000E+00
   9    5    0.000000E+00
   9    6    0.000000E+00
   9    7    0.000000E+00
   9    8    0.000000E+00
   9    9    0.000000E+00

