# TCRW Fig 2 occupancy P(X,Y)
# omega = 0.50   D_r =  1.000E-03   T =    10000000000
# columns: x   y   P(x,y)
   0    0    0.000000E+00
   0    1    0.000000E+00
   0    2    0.000000E+00
   0    3    0.000000E+00
   0    4    0.000000E+00
   0    5    0.000000E+00
   0    6    0.000000E+00
   0    7    0.000000E+00
   0    8    0.000000E+00
   0    9    0.000000E+00

   1    0    0.000000E+00
   1    1    6.209068E-02
   1    2    3.119877E-02
   1    3    3.111230E-02
   1    4    3.111738E-02
   1    5    3.092145E-02
   1    6    3.105519E-02
   1    7    3.110302E-02
   1    8    6.200775E-02
   1    9    0.000000E+00

   2    0    0.000000E+00
   2    1    3.104850E-02
   2    2    1.242368E-04
   2    3    1.242216E-04
   2    4    1.245078E-04
   2    5    1.243145E-04
   2    6    1.241680E-04
   2    7    1.241948E-04
   2    8    3.106254E-02
   2    9    0.000000E+00

   3    0    0.000000E+00
   3    1    3.119096E-02
   3    2    1.243855E-04
   3    3    1.243525E-04
   3    4    1.242430E-04
   3    5    1.242449E-04
   3    6    1.242624E-04
   3    7    1.240979E-04
   3    8    3.110481E-02
   3    9    0.000000E+00

   4    0    0.000000E+00
   4    1    3.134536E-02
   4    2    1.243602E-04
   4    3    1.243557E-04
   4    4    1.242363E-04
   4    5    1.241699E-04
   4    6    1.241243E-04
   4    7    1.241699E-04
   4    8    3.119403E-02
   4    9    0.000000E+00

   5    0    0.000000E+00
   5    1    3.115502E-02
   5    2    1.243256E-04
   5    3    1.243634E-04
   5    4    1.243651E-04
   5    5    1.241658E-04
   5    6    1.239119E-04
   5    7    1.242249E-04
   5    8    3.113603E-02
   5    9    0.000000E+00

   6    0    0.000000E+00
   6    1    3.115120E-02
   6    2    1.243030E-04
   6    3    1.243237E-04
   6    4    1.242212E-04
   6    5    1.241438E-04
   6    6    1.240025E-04
   6    7    1.241215E-04
   6    8    3.115635E-02
   6    9    0.000000E+00

   7    0    0.000000E+00
   7    1    3.116454E-02
   7    2    1.241802E-04
   7    3    1.242718E-04
   7    4    1.242710E-04
   7    5    1.241070E-04
   7    6    1.240953E-04
   7    7    1.240567E-04
   7    8    3.114071E-02
   7    9    0.000000E+00

   8    0    0.000000E+00
   8    1    6.216505E-02
   8    2    3.122176E-02
   8    3    3.107962E-02
   8    4    3.102976E-02
   8    5    3.124358E-02
   8    6    3.117419E-02
   8    7    3.100427E-02
   8    8    6.215308E-02
   8    9    0.000000E+00

   9    0    0.000000E+00
   9    1    0.000000E+00
   9    2    0.000000E+00
   9    3    0.000000E+00
   9    4    0.000000E+00
   9    5    0.000000E+00
   9    6    0.000000E+00
   9    7    0.000000E+00
   9    8    0.000000E+00
   9    9    0.000000E+00

