# TCRW Fig 3(f)  P_edge/P_bulk vs ω  (D_r = 10^-3, OBC)
# D_r_fixed =  1.0000E-03
# T_floor =    300000000   N_burn_floor =     30000000
# T_use = max(T_floor,  300.0*max(L^2,1/D_r)/D_r);  N_burn_use = max(N_burn_floor,   30.0*max(L^2,1/D_r)/D_r)
# seed    = 20260420
# columns:  L   ω   ratio   P_edge_norm   P_bulk_norm   n_edge   n_bulk
 10   0.0000   2.85014E+02   2.76056E-02   9.68569E-05       36         64
 10   0.0500   2.77982E+02   2.76013E-02   9.92916E-05       36         64
 10   0.1000   2.72686E+02   2.75979E-02   1.01207E-04       36         64
 10   0.1500   2.81468E+02   2.76034E-02   9.80694E-05       36         64
 10   0.2000   2.77650E+02   2.76010E-02   9.94095E-05       36         64
 10   0.2500   2.76376E+02   2.76002E-02   9.98650E-05       36         64
 10   0.3000   2.77256E+02   2.76008E-02   9.95500E-05       36         64
 10   0.3500   2.77960E+02   2.76012E-02   9.92995E-05       36         64
 10   0.4000   2.78579E+02   2.76016E-02   9.90801E-05       36         64
 10   0.4500   2.77547E+02   2.76010E-02   9.94460E-05       36         64
 10   0.5000   2.77096E+02   2.76007E-02   9.96070E-05       36         64
 10   0.5500   2.79436E+02   2.76022E-02   9.87782E-05       36         64
 10   0.6000   2.77806E+02   2.76011E-02   9.93540E-05       36         64
 10   0.6500   2.77532E+02   2.76010E-02   9.94514E-05       36         64
 10   0.7000   2.78435E+02   2.76015E-02   9.91309E-05       36         64
 10   0.7500   2.75962E+02   2.76000E-02   1.00014E-04       36         64
 10   0.8000   2.77398E+02   2.76009E-02   9.94994E-05       36         64
 10   0.8500   2.77294E+02   2.76008E-02   9.95362E-05       36         64
 10   0.9000   2.76927E+02   2.76006E-02   9.96673E-05       36         64
 10   0.9500   2.76364E+02   2.76002E-02   9.98692E-05       36         64
 10   1.0000   2.78146E+02   2.76014E-02   9.92333E-05       36         64
 19   0.0000   2.39850E+02   1.36603E-02   5.69535E-05       72        289
 19   0.0500   2.75356E+02   1.36893E-02   4.97150E-05       72        289
 19   0.1000   2.63887E+02   1.36808E-02   5.18434E-05       72        289
 19   0.1500   2.64535E+02   1.36813E-02   5.17183E-05       72        289
 19   0.2000   2.61446E+02   1.36789E-02   5.23202E-05       72        289
 19   0.2500   2.64720E+02   1.36814E-02   5.16827E-05       72        289
 19   0.3000   2.63326E+02   1.36804E-02   5.19521E-05       72        289
 19   0.3500   2.68590E+02   1.36844E-02   5.09490E-05       72        289
 19   0.4000   2.68152E+02   1.36841E-02   5.10310E-05       72        289
 19   0.4500   2.63329E+02   1.36804E-02   5.19516E-05       72        289
 19   0.5000   2.63534E+02   1.36805E-02   5.19119E-05       72        289
 19   0.5500   2.63613E+02   1.36806E-02   5.18965E-05       72        289
 19   0.6000   2.65782E+02   1.36823E-02   5.14793E-05       72        289
 19   0.6500   2.64993E+02   1.36817E-02   5.16302E-05       72        289
 19   0.7000   2.67000E+02   1.36832E-02   5.12479E-05       72        289
 19   0.7500   2.63469E+02   1.36805E-02   5.19243E-05       72        289
 19   0.8000   2.65119E+02   1.36817E-02   5.16061E-05       72        289
 19   0.8500   2.65174E+02   1.36818E-02   5.15955E-05       72        289
 19   0.9000   2.65244E+02   1.36818E-02   5.15820E-05       72        289
 19   0.9500   2.63477E+02   1.36805E-02   5.19229E-05       72        289
 19   1.0000   2.24561E+02   1.36450E-02   6.07631E-05       72        289
 49   0.0000   2.11757E+02   4.93994E-03   2.33283E-05      192       2209
 49   0.0500   2.53212E+02   4.98197E-03   1.96751E-05      192       2209
 49   0.1000   2.55986E+02   4.98431E-03   1.94711E-05      192       2209
 49   0.1500   2.56212E+02   4.98450E-03   1.94546E-05      192       2209
 49   0.2000   2.60367E+02   4.98793E-03   1.91573E-05      192       2209
 49   0.2500   2.51711E+02   4.98068E-03   1.97872E-05      192       2209
 49   0.3000   2.56587E+02   4.98482E-03   1.94274E-05      192       2209
 49   0.3500   2.56605E+02   4.98483E-03   1.94261E-05      192       2209
 49   0.4000   2.56310E+02   4.98459E-03   1.94475E-05      192       2209
 49   0.4500   2.54943E+02   4.98344E-03   1.95473E-05      192       2209
 49   0.5000   2.55481E+02   4.98389E-03   1.95079E-05      192       2209
 49   0.5500   2.57493E+02   4.98557E-03   1.93620E-05      192       2209
 49   0.6000   2.54443E+02   4.98302E-03   1.95840E-05      192       2209
 49   0.6500   2.55877E+02   4.98422E-03   1.94790E-05      192       2209
 49   0.7000   2.55591E+02   4.98398E-03   1.94998E-05      192       2209
 49   0.7500   2.58068E+02   4.98605E-03   1.93206E-05      192       2209
 49   0.8000   2.56514E+02   4.98476E-03   1.94327E-05      192       2209
 49   0.8500   2.56061E+02   4.98438E-03   1.94656E-05      192       2209
 49   0.9000   2.57376E+02   4.98547E-03   1.93704E-05      192       2209
 49   0.9500   2.55785E+02   4.98415E-03   1.94857E-05      192       2209
 49   1.0000   2.09151E+02   4.93677E-03   2.36038E-05      192       2209
