# TCRW Fig 1(d) | D_r =  1.000E-03  T =    1000000  N_traj =    500
# fit window: t >=  1.000E+04
# columns:  omega   D_fit   D_err   slope   slope_err   D_end
  0.00   3.09620E-04   1.92792E-05   9.81734E-01   5.34844E-03   2.42993E-04
  0.10   4.28875E-02   3.13003E-03   1.02411E+00   6.26881E-03   6.11069E-02
  0.20   1.21532E-01   6.52986E-03   9.98254E-01   4.61509E-03   1.21838E-01
  0.30   2.36192E-01   2.13921E-02   9.75062E-01   7.77959E-03   1.61526E-01
  0.40   2.55069E-01   2.57431E-02   9.92023E-01   8.66900E-03   2.35379E-01
  0.50   2.50904E-01   1.78286E-02   9.98678E-01   6.10345E-03   2.56703E-01
  0.60   1.78164E-01   1.60532E-02   1.02291E+00   7.73942E-03   2.38393E-01
  0.70   1.87469E-01   1.33718E-02   9.93452E-01   6.12669E-03   1.84165E-01
  0.80   1.45801E-01   9.01488E-03   9.82885E-01   5.31087E-03   1.17889E-01
  0.90   6.90270E-02   5.12196E-03   9.82794E-01   6.37360E-03   5.45722E-02
  1.00   2.85116E-04   1.46353E-05   9.86149E-01   4.40906E-03   2.39009E-04
