# TCRW Fig 2 current Jomega for omega = 0.00
# D_r =  1.000E-03   T =    10000000000
# columns:  x  y  Jx  Jy  |J|   (allowed sites only; counts/T_steps)
   1    1   3.195660E-05   0.000000E+00   3.195660E-05
   1    2   3.247330E-05  -3.195730E-05   4.556078E-05
   1    3   2.997220E-05  -3.247590E-05   4.419295E-05
   1    4   3.027590E-05  -2.997490E-05   4.260428E-05
   1    5   3.016960E-05  -3.027460E-05   4.274057E-05
   1    6   3.155380E-05  -3.016880E-05   4.365546E-05
   1    7   3.099790E-05  -3.155470E-05   4.423312E-05
   1    8   0.000000E+00  -3.099790E-05   3.099790E-05
   2    1   3.202640E-05   3.195830E-05   4.524404E-05
   2    2  -1.981000E-07   4.522000E-07   4.936886E-07
   2    3   8.911000E-07  -1.787700E-06   1.997481E-06
   2    4   2.264800E-06  -3.091900E-06   3.832645E-06
   2    5   4.286300E-06  -2.072900E-06   4.761227E-06
   2    6   1.342600E-06  -3.006700E-06   3.292844E-06
   2    7  -7.734000E-07  -5.183000E-07   9.310115E-07
   2    8  -3.099620E-05  -3.077650E-05   4.368017E-05
   3    1   3.397980E-05   3.202470E-05   4.669270E-05
   3    2  -4.200000E-09  -2.216800E-06   2.216804E-06
   3    3   1.206500E-06   1.345000E-06   1.806839E-06
   3    4  -2.922900E-06  -7.301000E-07   3.012705E-06
   3    5  -5.213000E-07   4.123100E-06   4.155924E-06
   3    6  -3.628100E-06  -2.040000E-07   3.633831E-06
   3    7  -4.331000E-07  -1.545000E-07   4.598324E-07
   3    8  -3.077480E-05  -3.107950E-05   4.373813E-05
   4    1   3.298680E-05   3.397870E-05   4.735695E-05
   4    2  -3.712000E-06  -9.651000E-07   3.835409E-06
   4    3   1.940000E-08   2.697600E-06   2.697670E-06
   4    4  -1.942200E-06  -1.591300E-06   2.510852E-06
   4    5  -6.982000E-07   6.905000E-07   9.819743E-07
   4    6  -3.512700E-06   1.185500E-06   3.707354E-06
   4    7  -1.355300E-06   2.874800E-06   3.178256E-06
   4    8  -3.108180E-05  -2.957700E-05   4.290545E-05
   5    1   3.424960E-05   3.298540E-05   4.755073E-05
   5    2  -2.567400E-06  -3.986300E-06   4.741533E-06
   5    3   7.513000E-07   1.622400E-06   1.787913E-06
   5    4   1.070500E-06   5.600000E-09   1.070515E-06
   5    5  -1.623600E-06  -3.363800E-06   3.735134E-06
   5    6  -8.222000E-07  -1.197900E-06   1.452920E-06
   5    7   3.305000E-06   6.594000E-07   3.370138E-06
   5    8  -2.957750E-05  -3.151480E-05   4.322049E-05
   6    1   3.440160E-05   3.425210E-05   4.854561E-05
   6    2  -1.672000E-06  -3.988400E-06   4.324687E-06
   6    3   1.486800E-06  -1.561500E-06   2.156121E-06
   6    4   2.080700E-06   1.207600E-06   2.405745E-06
   6    5  -3.741200E-06  -3.695000E-06   5.258289E-06
   6    6   3.284000E-07  -4.498000E-07   5.569260E-07
   6    7   9.890000E-07   1.778500E-06   2.034990E-06
   6    8  -3.151480E-05  -2.991190E-05   4.345002E-05
   7    1   3.103480E-05   3.440340E-05   4.633306E-05
   7    2  -3.287300E-06   1.546500E-06   3.632906E-06
   7    3  -2.585400E-06   7.844000E-07   2.701773E-06
   7    4  -9.107000E-07   3.096100E-06   3.227260E-06
   7    5  -1.520500E-06  -1.620500E-06   2.222148E-06
   7    6   1.116000E-07  -1.842700E-06   1.846076E-06
   7    7   1.537400E-06   4.314000E-07   1.596779E-06
   7    8  -2.991140E-05  -3.127080E-05   4.327303E-05
   8    1   0.000000E+00   3.103720E-05   3.103720E-05
   8    2  -3.103500E-05   3.111920E-05   4.394970E-05
   8    3  -3.111700E-05   3.000090E-05   4.322409E-05
   8    4  -3.000390E-05   3.099300E-05   4.313699E-05
   8    5  -3.098970E-05   3.157490E-05   4.424179E-05
   8    6  -3.157600E-05   2.947980E-05   4.319841E-05
   8    7  -2.947800E-05   3.126900E-05   4.297328E-05
   8    8  -3.127270E-05   0.000000E+00   3.127270E-05
