# TCRW Fig 2 current Jtot defects, omega = 0.00
# D_r =  1.000E-03   T =    10000000000
# columns:  x  y  Jx  Jy  |J|   (allowed sites only; counts/T_steps)
   1    1   2.380600E-05   2.270700E-05   3.289884E-05
   1    2   2.378440E-05  -1.100100E-06   2.380983E-05
   1    3   2.388360E-05  -1.077600E-06   2.390790E-05
   1    4   2.258360E-05  -1.179800E-06   2.261440E-05
   1    5   2.359330E-05   1.237000E-07   2.359362E-05
   1    6   2.392640E-05  -8.859000E-07   2.394280E-05
   1    7   2.202510E-05  -1.220100E-06   2.205887E-05
   1    8   2.270440E-05  -2.202550E-05   3.163246E-05
   2    1   1.284100E-06   2.380380E-05   2.383841E-05
   2    2  -1.106100E-06  -2.075000E-07   1.125395E-06
   2    3  -1.667900E-06   1.186700E-06   2.046985E-06
   2    4  -1.586200E-06   4.706000E-07   1.654538E-06
   2    5  -2.258580E-05   1.296400E-06   2.262298E-05
   2    6  -5.012000E-07   1.632600E-06   1.707801E-06
   2    7  -7.842000E-07  -1.065300E-06   1.322813E-06
   2    8   6.831000E-07  -2.314790E-05   2.315798E-05
   3    1  -4.365000E-07   2.398950E-05   2.399347E-05
   3    2  -8.507000E-07   4.333000E-07   9.546933E-07
   3    3  -4.038000E-07  -1.022000E-06   1.098881E-06
   3    4  -2.211710E-05  -2.229900E-05   3.140719E-05
   3    6  -2.229520E-05   2.308800E-05   3.209566E-05
   3    7   2.857000E-07   8.541000E-07   9.006172E-07
   3    8  -4.419000E-07  -2.337460E-05   2.337878E-05
   4    1   9.487000E-07   2.226980E-05   2.229000E-05
   4    2   5.722000E-07  -5.150000E-07   7.698297E-07
   4    3  -8.466000E-07  -2.283950E-05   2.285519E-05
   4    7   1.299000E-07   2.337150E-05   2.337186E-05
   4    8  -6.645000E-07  -2.242010E-05   2.242995E-05
   5    1  -6.227000E-07   2.365620E-05   2.366439E-05
   5    2  -5.840000E-08   7.564000E-07   7.586511E-07
   5    3  -3.008000E-07  -1.300400E-06   1.334736E-06
   5    4   2.229840E-05  -2.254080E-05   3.170657E-05
   5    6   2.208300E-05   2.229670E-05   3.138155E-05
   5    7   6.145000E-07   3.391000E-07   7.018540E-07
   5    8   2.831000E-07  -2.290890E-05   2.291065E-05
   6    1  -2.274000E-07   2.208550E-05   2.208667E-05
   6    2   1.441100E-06   1.117200E-06   1.823432E-06
   6    3  -9.782000E-07  -9.854000E-07   1.388484E-06
   6    4   1.131900E-06  -3.257000E-07   1.177828E-06
   6    5   2.345210E-05  -1.377600E-06   2.349253E-05
   6    6   1.025000E-07  -1.368600E-06   1.372433E-06
   6    7   1.401200E-06   5.104000E-07   1.491264E-06
   6    8  -2.047000E-07  -2.348370E-05   2.348459E-05
   7    1   2.966000E-07   2.247980E-05   2.248176E-05
   7    2   1.139700E-06   5.205000E-07   1.252931E-06
   7    3  -9.943000E-07  -9.982000E-07   1.408913E-06
   7    4   3.893000E-07   1.140600E-06   1.205207E-06
   7    5   9.606000E-07   4.427000E-07   1.057703E-06
   7    6  -4.999000E-07  -2.230200E-06   2.285540E-06
   7    7   1.381900E-06   5.347000E-07   1.481739E-06
   7    8  -7.751000E-07  -2.378320E-05   2.379583E-05
   8    1  -2.270920E-05   2.300360E-05   3.232450E-05
   8    2  -2.300340E-05   9.149000E-07   2.302159E-05
   8    3  -2.362000E-05  -1.786000E-07   2.362068E-05
   8    4  -2.253390E-05   2.999000E-07   2.253590E-05
   8    5  -2.300650E-05   1.922600E-06   2.308669E-05
   8    6  -2.463010E-05   2.435000E-07   2.463130E-05
   8    7  -2.294890E-05   1.078700E-06   2.297424E-05
   8    8  -2.378530E-05  -2.270890E-05   3.288517E-05
