# TCRW Fig 2 current Jtot for omega = 1.00
# D_r =  1.000E-03   T =    10000000000
# columns:  x  y  Jx  Jy  |J|   (allowed sites only; counts/T_steps)
   1    1   3.099780E-05   3.060400E-05   4.355994E-05
   1    2   3.060440E-05  -2.539600E-06   3.070959E-05
   1    3   2.845700E-05  -6.509000E-07   2.846444E-05
   1    4   3.034010E-05  -6.400000E-08   3.034017E-05
   1    5   3.093190E-05   2.102000E-07   3.093261E-05
   1    6   3.120140E-05   8.925000E-07   3.121416E-05
   1    7   3.188510E-05   1.658800E-06   3.192822E-05
   1    8   3.264690E-05  -3.099110E-05   4.501409E-05
   2    1   3.894000E-07   3.100020E-05   3.100265E-05
   2    2   2.541300E-06  -8.488000E-07   2.679303E-06
   2    3  -5.924000E-07   3.095200E-06   3.151381E-06
   2    4   6.239000E-07   2.709000E-07   6.801750E-07
   2    5  -5.942000E-07   2.762000E-07   6.552557E-07
   2    6  -6.786000E-07   1.214400E-06   1.391138E-06
   2    7  -2.374000E-07   1.081700E-06   1.107445E-06
   2    8   1.977800E-06  -3.264790E-05   3.270775E-05
   3    1  -6.600000E-09   3.300840E-05   3.300840E-05
   3    2   3.255000E-06  -8.687000E-07   3.368926E-06
   3    3  -1.422800E-06   9.987000E-07   1.738321E-06
   3    4   1.432000E-07   2.090500E-06   2.095399E-06
   3    5   2.438500E-06   1.504800E-06   2.865433E-06
   3    6  -3.053000E-07   1.906900E-06   1.931185E-06
   3    7   1.520000E-07   4.170000E-07   4.438389E-07
   3    8   1.845700E-06  -3.296680E-05   3.301843E-05
   4    1  -2.010800E-06   3.017460E-05   3.024152E-05
   4    2   4.420000E-08  -1.992000E-06   1.992490E-06
   4    3   2.546000E-07   1.785900E-06   1.803957E-06
   4    4  -1.726200E-06   1.942400E-06   2.598593E-06
   4    5   5.774000E-07  -2.931000E-07   6.475325E-07
   4    6   2.380000E-07  -3.761000E-07   4.450789E-07
   4    7  -1.094400E-06  -1.137200E-06   1.578270E-06
   4    8   9.871000E-07  -3.283570E-05   3.285053E-05
   5    1   8.165000E-07   3.241510E-05   3.242538E-05
   5    2   1.404100E-06   1.344000E-06   1.943665E-06
   5    3  -3.948000E-07   3.302300E-06   3.325816E-06
   5    4   1.617900E-06   1.383900E-06   2.129033E-06
   5    5  -4.760000E-08  -7.703000E-07   7.717693E-07
   5    6   1.820000E-07  -1.258900E-06   1.271988E-06
   5    7   1.157000E-07   2.200100E-06   2.203140E-06
   5    8   2.949100E-06  -3.197650E-05   3.211221E-05
   6    1  -1.421900E-06   3.021390E-05   3.024734E-05
   6    2  -1.313800E-06  -2.451000E-07   1.336467E-06
   6    3  -2.142000E-06   1.380100E-06   2.548105E-06
   6    4  -3.904000E-07  -1.498400E-06   1.548423E-06
   6    5   8.901000E-07  -1.699400E-06   1.918395E-06
   6    6  -4.891000E-07  -6.994000E-07   8.534513E-07
   6    7  -2.720400E-06   1.127200E-06   2.944683E-06
   6    8   2.228100E-06  -3.393780E-05   3.401086E-05
   7    1   7.798000E-07   3.293470E-05   3.294393E-05
   7    2   7.629000E-07   3.334100E-06   3.420269E-06
   7    3   6.406000E-07   2.326000E-07   6.815212E-07
   7    4  -4.133000E-07   6.601000E-07   7.788125E-07
   7    5   1.964500E-06   1.084500E-06   2.243970E-06
   7    6   2.671400E-06   1.628700E-06   3.128744E-06
   7    7   9.800000E-09  -2.691600E-06   2.691618E-06
   7    8  -2.460000E-06  -3.322760E-05   3.331854E-05
   8    1  -3.293530E-05   3.099740E-05   4.522801E-05
   8    2  -3.355120E-05  -1.943600E-06   3.360745E-05
   8    3  -3.239670E-05  -2.559100E-06   3.249762E-05
   8    4  -3.357010E-05  -1.408400E-06   3.359963E-05
   8    5  -3.389480E-05  -2.576400E-06   3.399258E-05
   8    6  -3.322900E-05  -2.902600E-06   3.335553E-05
   8    7  -2.852890E-05  -2.236300E-06   2.861641E-05
   8    8  -3.099720E-05  -2.852910E-05   4.212762E-05
