# TCRW Fig 1(d) MSD | omega =  0.20 | D_r =  1.000E-03 | T =    1000000 | N_traj =    500
# columns:  t   <|r|^2>
         1    1.000000E+00
         2    2.000000E+00
         3    2.192000E+00
         4    2.408000E+00
         5    3.000000E+00
         6    3.584000E+00
         7    4.080000E+00
         8    4.456000E+00
         9    4.964000E+00
        12    6.412000E+00
        16    8.242000E+00
        22    1.149200E+01
        29    1.555600E+01
        39    1.968000E+01
        51    2.665400E+01
        68    3.545200E+01
        91    4.988600E+01
       120    6.369000E+01
       159    7.838000E+01
       212    1.085760E+02
       281    1.398800E+02
       372    1.776300E+02
       494    2.270520E+02
       655    2.883440E+02
       868    3.802020E+02
      1151    5.234340E+02
      1526    7.147060E+02
      2023    8.917720E+02
      2682    1.161322E+03
      3556    1.560046E+03
      4714    2.016220E+03
      6250    2.692930E+03
      8286    3.860442E+03
     10985    5.174550E+03
     14563    6.781542E+03
     19306    9.163756E+03
     25595    1.237162E+04
     33932    1.599880E+04
     44984    2.167601E+04
     59636    2.939324E+04
     79060    3.849130E+04
    104811    5.124962E+04
    138949    6.552747E+04
    184206    8.601372E+04
    244205    1.198983E+05
    323745    1.588348E+05
    429193    1.953225E+05
    568986    2.632166E+05
    754312    3.466450E+05
   1000000    4.873532E+05
