# TCRW Fig 3(j): θ_JDr and θ_Jω of the TOTAL left-wall current  (L = 10, D_r = 10^-3)
# L = 10   D_r =  1.0000E-03   seed = 20260424
# columns:  iW  ω  Jx_Dr_tot  Jy_Dr_tot  Jx_om_tot  Jy_om_tot  th_Dr_tot  th_om_tot
   1   0.0000           7519          66969          59620         -59626    1.45899   -0.78545
   2   0.0500           7487          59813          67053         -60479    1.44627   -0.73390
   3   0.1000           7620          53427          67660         -54019    1.42913   -0.67376
   4   0.1500           7318          46872          67157         -46961    1.41592   -0.61024
   5   0.2000           7446          40099          66923         -40303    1.38720   -0.54206
   6   0.2500           7430          33390          66326         -33011    1.35184   -0.46181
   7   0.3000           7477          26636          66536         -26596    1.29713   -0.38027
   8   0.3500           7433          19997          66049         -19749    1.21492   -0.29054
   9   0.4000           7611          13752          66723         -13592    1.06531   -0.20096
  10   0.4500           7459           7068          67514          -6984    0.75849   -0.10308
  11   0.5000           7650           -417          67808           -419   -0.05446   -0.00618
  12   0.5500           7750          -6842          67181           6477   -0.72325    0.09611
  13   0.6000           7299         -13375          66865          12845   -1.07125    0.18979
  14   0.6500           7652         -19833          66624          19747   -1.20257    0.28815
  15   0.7000           7518         -26439          66367          26559   -1.29376    0.38066
  16   0.7500           7514         -33307          67531          33637   -1.34891    0.46212
  17   0.8000           7414         -40288          66885          40289   -1.38881    0.54215
  18   0.8500           7437         -46842          66300          46305   -1.41334    0.60966
  19   0.9000           7470         -53281          66791          53307   -1.43150    0.67359
  20   0.9500           7558         -60021          66075          59502   -1.44553    0.73310
  21   1.0000           7506         -66819          68423          68427   -1.45893    0.78543
