# TCRW Fig 1(d) MSD | omega =  0.00 | D_r =  1.000E-03 | T =    1000000 | N_traj =    500
# columns:  t   <|r|^2>
         1    9.980000E-01
         2    1.992000E+00
         3    1.020000E+00
         4    3.400000E-02
         5    1.006000E+00
         6    1.990000E+00
         7    1.020000E+00
         8    4.600000E-02
         9    1.012000E+00
        12    5.800000E-02
        16    7.800000E-02
        22    1.972000E+00
        29    1.056000E+00
        39    1.068000E+00
        51    1.094000E+00
        68    3.060000E-01
        91    1.136000E+00
       120    4.220000E-01
       159    1.196000E+00
       212    5.820000E-01
       281    1.280000E+00
       372    8.860000E-01
       494    1.922000E+00
       655    1.700000E+00
       868    1.708000E+00
      1151    2.194000E+00
      1526    2.500000E+00
      2023    3.100000E+00
      2682    3.764000E+00
      3556    4.596000E+00
      4714    5.898000E+00
      6250    7.468000E+00
      8286    9.090000E+00
     10985    1.190400E+01
     14563    1.538200E+01
     19306    1.943000E+01
     25595    2.570600E+01
     33932    3.536200E+01
     44984    4.593400E+01
     59636    6.131400E+01
     79060    8.066200E+01
    104811    1.047640E+02
    138949    1.369600E+02
    184206    1.773600E+02
    244205    2.270080E+02
    323745    3.090940E+02
    429193    4.127960E+02
    568986    5.727600E+02
    754312    7.723000E+02
   1000000    9.719720E+02
