# TCRW Fig 1(c) MSD | omega =  1.00 | D_r =  1.000E-03 | T =    1000000 | N_traj =   1000
# columns:  t   <|r|^2>
         1    9.990000E-01
         2    1.998000E+00
         3    1.004000E+00
         4    7.000000E-03
         5    9.980000E-01
         6    1.994000E+00
         7    1.007000E+00
         8    1.500000E-02
         9    1.000000E+00
        10    1.990000E+00
        11    1.015000E+00
        12    3.200000E-02
        13    1.004000E+00
        14    1.986000E+00
        15    1.018000E+00
        16    4.400000E-02
        17    1.011000E+00
        18    1.992000E+00
        19    1.029000E+00
        20    5.300000E-02
        21    1.013000E+00
        22    1.988000E+00
        23    1.036000E+00
        24    7.100000E-02
        28    8.200000E-02
        32    9.700000E-02
        37    1.029000E+00
        43    1.060000E+00
        49    1.038000E+00
        57    1.051000E+00
        65    1.051000E+00
        75    1.094000E+00
        86    1.929000E+00
       100    2.690000E-01
       114    1.905000E+00
       132    3.300000E-01
       151    1.154000E+00
       174    1.876000E+00
       200    4.520000E-01
       231    1.222000E+00
       265    1.238000E+00
       305    1.271000E+00
       351    1.340000E+00
       403    1.363000E+00
       464    1.033000E+00
       533    1.575000E+00
       613    1.630000E+00
       705    1.674000E+00
       811    1.826000E+00
       932    1.798000E+00
      1072    1.943000E+00
      1232    2.051000E+00
      1417    2.291000E+00
      1629    2.461000E+00
      1873    2.679000E+00
      2154    2.954000E+00
      2477    3.267000E+00
      2848    3.679000E+00
      3274    3.970000E+00
      3764    4.411000E+00
      4328    4.913000E+00
      4977    5.687000E+00
      5722    6.358000E+00
      6579    7.123000E+00
      7564    8.039000E+00
      8697    9.416000E+00
     10000    1.109100E+01
     11497    1.267700E+01
     13219    1.381000E+01
     15199    1.561400E+01
     17475    1.790300E+01
     20092    2.047300E+01
     23101    2.355100E+01
     26560    2.737100E+01
     30538    3.045700E+01
     35111    3.626700E+01
     40370    4.142300E+01
     46415    4.781700E+01
     53366    5.498300E+01
     61359    6.269500E+01
     70548    7.240400E+01
     81113    8.399300E+01
     93260    9.358400E+01
    107226    1.054670E+02
    123284    1.238940E+02
    141747    1.441510E+02
    162975    1.672550E+02
    187381    1.895780E+02
    215443    2.130600E+02
    247707    2.460020E+02
    284803    2.885000E+02
    327454    3.361830E+02
    376493    3.759710E+02
    432876    4.253970E+02
    497702    4.907190E+02
    572236    5.740320E+02
    657933    6.480520E+02
    756463    7.511830E+02
    869749    8.491430E+02
   1000000    9.522990E+02
