# TCRW Fig 1(c) MSD | omega =  0.90 | D_r =  1.000E-03 | T =    1000000 | N_traj =   1000
# columns:  t   <|r|^2>
         1    1.000000E+00
         2    1.998000E+00
         3    1.709000E+00
         4    1.378000E+00
         5    1.987000E+00
         6    2.629000E+00
         7    2.622000E+00
         8    2.580000E+00
         9    2.873000E+00
        10    3.183000E+00
        11    3.437000E+00
        12    3.647000E+00
        13    3.921000E+00
        14    4.102000E+00
        15    4.202000E+00
        16    4.343000E+00
        17    4.623000E+00
        18    4.961000E+00
        19    5.180000E+00
        20    5.246000E+00
        21    5.349000E+00
        22    5.485000E+00
        23    5.694000E+00
        24    5.885000E+00
        28    6.848000E+00
        32    7.866000E+00
        37    8.826000E+00
        43    1.013700E+01
        49    1.158500E+01
        57    1.350100E+01
        65    1.555800E+01
        75    1.786000E+01
        86    2.035000E+01
       100    2.397900E+01
       114    2.698200E+01
       132    3.069000E+01
       151    3.536500E+01
       174    3.986400E+01
       200    4.587300E+01
       231    5.371500E+01
       265    6.145700E+01
       305    6.983000E+01
       351    7.893200E+01
       403    8.964300E+01
       464    1.009990E+02
       533    1.175450E+02
       613    1.329720E+02
       705    1.516130E+02
       811    1.717040E+02
       932    1.986500E+02
      1072    2.304990E+02
      1232    2.669120E+02
      1417    3.066890E+02
      1629    3.561360E+02
      1873    4.077990E+02
      2154    4.702350E+02
      2477    5.523010E+02
      2848    6.195910E+02
      3274    7.022350E+02
      3764    8.004320E+02
      4328    9.166870E+02
      4977    1.044563E+03
      5722    1.183737E+03
      6579    1.390313E+03
      7564    1.606799E+03
      8697    1.810906E+03
     10000    2.146347E+03
     11497    2.445763E+03
     13219    2.883785E+03
     15199    3.229875E+03
     17475    3.627173E+03
     20092    4.169699E+03
     23101    4.824397E+03
     26560    5.488130E+03
     30538    6.308998E+03
     35111    7.414593E+03
     40370    8.654041E+03
     46415    1.015058E+04
     53366    1.183621E+04
     61359    1.383406E+04
     70548    1.592134E+04
     81113    1.855350E+04
     93260    2.131742E+04
    107226    2.413051E+04
    123284    2.709262E+04
    141747    3.130458E+04
    162975    3.644882E+04
    187381    4.154343E+04
    215443    4.827845E+04
    247707    5.612468E+04
    284803    6.358324E+04
    327454    7.193932E+04
    376493    8.334417E+04
    432876    9.632499E+04
    497702    1.099215E+05
    572236    1.257311E+05
    657933    1.478847E+05
    756463    1.644636E+05
    869749    1.915519E+05
   1000000    2.267245E+05
