# TCRW Fig 3(c)/(d): per-site left-wall currents  (L = 10, ω = 1)
# T_use = max(T_floor,   30.0*max(L^2,1/D_r)/D_r);  N_burn_use = max(N_burn_floor,    5.0*max(L^2,1/D_r)/D_r)
# L = 10   seed = 20260423
# columns:  iD  D_r  y  Jx_Dr  Jy_Dr  Jx_om  Jy_om  |J_Dr|  th_Dr  |J_om|  th_om
   1   1.00000E-04   0           7495              0              0            124   7.49500E+03    0.00000   1.24000E+02    1.57080
   1   1.00000E-04   1              0          -7495            124              0   7.49500E+03   -1.57080   1.24000E+02    0.00000
   1   1.00000E-04   2              0          -7494              0           4760   7.49400E+03   -1.57080   4.76000E+03    1.57080
   1   1.00000E-04   3              1          -7493           4760           5187   7.49300E+03   -1.57066   7.04007E+03    0.82830
   1   1.00000E-04   4              0          -7493           5186          23298   7.49300E+03   -1.57080   2.38682E+04    1.35177
   1   1.00000E-04   5              2          -7489          23297           5347   7.48900E+03   -1.57053   2.39027E+04    0.22561
   1   1.00000E-04   6              0          -7491           5348          16101   7.49100E+03   -1.57080   1.69659E+04    1.25011
   1   1.00000E-04   7              0          -7489          16100          13906   7.48900E+03   -1.57080   2.12741E+04    0.71241
   1   1.00000E-04   8              0          -7490          13907           4292   7.49000E+03   -1.57080   1.45542E+04    0.29935
   1   1.00000E-04   9              0          -7491           4293              0   7.49100E+03   -1.57080   4.29300E+03    0.00000

   2   1.46780E-04   0           5087              1              0           4905   5.08700E+03    0.00020   4.90500E+03    1.57080
   2   1.46780E-04   1              2          -5086           4906           2710   5.08600E+03   -1.57040   5.60472E+03    0.50467
   2   1.46780E-04   2              1          -5088           2710              0   5.08800E+03   -1.57060   2.71000E+03    0.00000
   2   1.46780E-04   3              0          -5089              0              0   5.08900E+03   -1.57080   0.00000E+00    0.00000
   2   1.46780E-04   4              0          -5089              0           2539   5.08900E+03   -1.57080   2.53900E+03    1.57080
   2   1.46780E-04   5              1          -5088           2539           1896   5.08800E+03   -1.57060   3.16881E+03    0.64142
   2   1.46780E-04   6              2          -5088           1896              0   5.08800E+03   -1.57040   1.89600E+03    0.00000
   2   1.46780E-04   7              0          -5090              0           8854   5.09000E+03   -1.57080   8.85400E+03    1.57080
   2   1.46780E-04   8              1          -5088           8854           2603   5.08800E+03   -1.57060   9.22870E+03    0.28594
   2   1.46780E-04   9              1          -5089           2603              0   5.08900E+03   -1.57060   2.60300E+03    0.00000

   3   2.15443E-04   0           3491              2              0           2028   3.49100E+03    0.00057   2.02800E+03    1.57080
   3   2.15443E-04   1              0          -3493           2030           4402   3.49300E+03   -1.57080   4.84753E+03    1.13871
   3   2.15443E-04   2              1          -3491           4400          13424   3.49100E+03   -1.57051   1.41267E+04    1.25406
   3   2.15443E-04   3              1          -3490          13426           4087   3.49000E+03   -1.57051   1.40343E+04    0.29550
   3   2.15443E-04   4              0          -3491           4087           4759   3.49100E+03   -1.57080   6.27309E+03    0.86122
   3   2.15443E-04   5              2          -3489           4758           5555   3.48900E+03   -1.57022   7.31414E+03    0.86253
   3   2.15443E-04   6              1          -3490           5555           1818   3.49000E+03   -1.57051   5.84493E+03    0.31629
   3   2.15443E-04   7              2          -3491           1818           5454   3.49100E+03   -1.57022   5.74902E+03    1.24905
   3   2.15443E-04   8              1          -3492           5453           5123   3.49200E+03   -1.57051   7.48200E+03    0.75421
   3   2.15443E-04   9              1          -3495           5123              0   3.49500E+03   -1.57051   5.12300E+03    0.00000

   4   3.16228E-04   0           2363              2              0           2443   2.36300E+03    0.00085   2.44300E+03    1.57080
   4   3.16228E-04   1              0          -2364           2444           4166   2.36400E+03   -1.57080   4.82998E+03    1.04025
   4   3.16228E-04   2              1          -2361           4165           2287   2.36100E+03   -1.57037   4.75159E+03    0.50215
   4   3.16228E-04   3              1          -2361           2288           6597   2.36100E+03   -1.57037   6.98250E+03    1.23695
   4   3.16228E-04   4              2          -2358           6596           3128   2.35800E+03   -1.56995   7.30011E+03    0.44282
   4   3.16228E-04   5              1          -2362           3130           1084   2.36200E+03   -1.57037   3.31239E+03    0.33340
   4   3.16228E-04   6              2          -2361           1082           5373   2.36100E+03   -1.56995   5.48086E+03    1.37208
   4   3.16228E-04   7              1          -2362           5373          12775   2.36200E+03   -1.57037   1.38589E+04    1.17267
   4   3.16228E-04   8              3          -2361          12775           6409   2.36100E+03   -1.56953   1.42925E+04    0.46499
   4   3.16228E-04   9              2          -2365           6410              0   2.36500E+03   -1.56995   6.41000E+03    0.00000

   5   4.64159E-04   0           1606              3              0           2166   1.60600E+03    0.00187   2.16600E+03    1.57080
   5   4.64159E-04   1              0          -1610           2169            247   1.61000E+03   -1.57080   2.18302E+03    0.11339
   5   4.64159E-04   2              1          -1609            247            847   1.60900E+03   -1.57017   8.82280E+02    1.28705
   5   4.64159E-04   3              0          -1608            846            413   1.60800E+03   -1.57080   9.41427E+02    0.45415
   5   4.64159E-04   4              1          -1606            412            425   1.60600E+03   -1.57017   5.91920E+02    0.80093
   5   4.64159E-04   5              1          -1606            424           2181   1.60600E+03   -1.57017   2.22183E+03    1.37879
   5   4.64159E-04   6              1          -1609           2184            453   1.60900E+03   -1.57017   2.23049E+03    0.20452
   5   4.64159E-04   7              0          -1609            453           2318   1.60900E+03   -1.57080   2.36185E+03    1.37780
   5   4.64159E-04   8              2          -1606           2317           2137   1.60600E+03   -1.56955   3.15202E+03    0.74501
   5   4.64159E-04   9              0          -1608           2138              0   1.60800E+03   -1.57080   2.13800E+03    0.00000

   6   6.81292E-04   0           1696              1              0            163   1.69600E+03    0.00059   1.63000E+02    1.57080
   6   6.81292E-04   1              0          -1696            164           1028   1.69600E+03   -1.57080   1.04100E+03    1.41260
   6   6.81292E-04   2              1          -1695           1028            324   1.69500E+03   -1.57021   1.07785E+03    0.30532
   6   6.81292E-04   3              2          -1696            324            106   1.69600E+03   -1.56962   3.40899E+02    0.31618
   6   6.81292E-04   4              0          -1696            105            467   1.69600E+03   -1.57080   4.78659E+02    1.34963
   6   6.81292E-04   5              1          -1696            467            238   1.69600E+03   -1.57021   5.24150E+02    0.47133
   6   6.81292E-04   6              0          -1697            239           1191   1.69700E+03   -1.57080   1.21474E+03    1.37275
   6   6.81292E-04   7              2          -1693           1189           1296   1.69300E+03   -1.56961   1.75879E+03    0.82843
   6   6.81292E-04   8              2          -1695           1297            226   1.69500E+03   -1.56962   1.31654E+03    0.17252
   6   6.81292E-04   9              0          -1698            226              0   1.69800E+03   -1.57080   2.26000E+02    0.00000

   7   1.00000E-03   0           2482              4              0           3276   2.48200E+03    0.00161   3.27600E+03    1.57080
   7   1.00000E-03   1              4          -2481           3277           1683   2.48100E+03   -1.56918   3.68391E+03    0.47445
   7   1.00000E-03   2              1          -2482           1683           1606   2.48200E+03   -1.57039   2.32631E+03    0.76199
   7   1.00000E-03   3              1          -2482           1607           1664   2.48200E+03   -1.57039   2.31330E+03    0.80282
   7   1.00000E-03   4              4          -2481           1664           1034   2.48100E+03   -1.56918   1.95909E+03    0.55600
   7   1.00000E-03   5              1          -2483           1032           2452   2.48300E+03   -1.57039   2.66032E+03    1.17242
   7   1.00000E-03   6              1          -2484           2453           1177   2.48400E+03   -1.57039   2.72076E+03    0.44737
   7   1.00000E-03   7              0          -2485           1178           2022   2.48500E+03   -1.57080   2.34012E+03    1.04328
   7   1.00000E-03   8              0          -2483           2021           2033   2.48300E+03   -1.57080   2.86662E+03    0.78836
   7   1.00000E-03   9              2          -2484           2035              0   2.48400E+03   -1.56999   2.03500E+03    0.00000

   8   1.46780E-03   0           3623              6              0           3910   3.62300E+03    0.00166   3.91000E+03    1.57080
   8   1.46780E-03   1              1          -3620           3913           2969   3.62000E+03   -1.57052   4.91188E+03    0.64908
   8   1.46780E-03   2              7          -3615           2965           5169   3.61501E+03   -1.56886   5.95901E+03    1.05001
   8   1.46780E-03   3              6          -3616           5167           3454   3.61600E+03   -1.56914   6.21514E+03    0.58925
   8   1.46780E-03   4              4          -3620           3460           2497   3.62000E+03   -1.56969   4.26692E+03    0.62513
   8   1.46780E-03   5              1          -3618           2495           4506   3.61800E+03   -1.57052   5.15064E+03    1.06511
   8   1.46780E-03   6              9          -3609           4506           3087   3.60901E+03   -1.56830   5.46201E+03    0.60065
   8   1.46780E-03   7              6          -3616           3089           2472   3.61600E+03   -1.56914   3.95635E+03    0.67490
   8   1.46780E-03   8              8          -3615           2470           5966   3.61501E+03   -1.56858   6.45709E+03    1.17827
   8   1.46780E-03   9              5          -3622           5965              0   3.62200E+03   -1.56942   5.96500E+03    0.00000

   9   2.15443E-03   0           5260              6              0           4583   5.26000E+03    0.00114   4.58300E+03    1.57080
   9   2.15443E-03   1              6          -5249           4578           4480   5.24900E+03   -1.56965   6.40535E+03    0.77458
   9   2.15443E-03   2             11          -5240           4473           4909   5.24001E+03   -1.56870   6.64124E+03    0.83184
   9   2.15443E-03   3              7          -5245           4914           5269   5.24500E+03   -1.56946   7.20484E+03    0.82025
   9   2.15443E-03   4              9          -5245           5273           4189   5.24501E+03   -1.56908   6.73441E+03    0.67133
   9   2.15443E-03   5             11          -5243           4186           4936   5.24301E+03   -1.56870   6.47199E+03    0.86743
   9   2.15443E-03   6             11          -5241           4938           5143   5.24101E+03   -1.56870   7.12982E+03    0.80573
   9   2.15443E-03   7             16          -5237           5141           4449   5.23702E+03   -1.56774   6.79879E+03    0.71336
   9   2.15443E-03   8             12          -5243           4453           4639   5.24301E+03   -1.56851   6.43036E+03    0.80585
   9   2.15443E-03   9              9          -5254           4631              0   5.25401E+03   -1.56908   4.63100E+03    0.00000

  10   3.16228E-03   0           7679             17              0           6684   7.67902E+03    0.00221   6.68400E+03    1.57080
  10   3.16228E-03   1             23          -7657           6684           6302   7.65703E+03   -1.56779   9.18646E+03    0.75599
  10   3.16228E-03   2             23          -7653           6299           6232   7.65303E+03   -1.56779   8.86088E+03    0.78005
  10   3.16228E-03   3             19          -7659           6232           8085   7.65902E+03   -1.56832   1.02081E+04    0.91411
  10   3.16228E-03   4             23          -7652           8081           6207   7.65203E+03   -1.56779   1.01897E+04    0.65498
  10   3.16228E-03   5             25          -7652           6205           7109   7.65204E+03   -1.56753   9.43610E+03    0.85319
  10   3.16228E-03   6             21          -7653           7111           7504   7.65303E+03   -1.56805   1.03381E+04    0.81228
  10   3.16228E-03   7             24          -7649           7501           6560   7.64904E+03   -1.56766   9.96487E+03    0.71858
  10   3.16228E-03   8             35          -7649           6563           7119   7.64908E+03   -1.56622   9.68262E+03    0.82601
  10   3.16228E-03   9             17          -7680           7125              0   7.68002E+03   -1.56858   7.12500E+03    0.00000

  11   4.64159E-03   0          11087             48              0           9547   1.10871E+04    0.00433   9.54700E+03    1.57080
  11   4.64159E-03   1             41         -11039           9548          14278   1.10391E+04   -1.56708   1.71763E+04    0.98137
  11   4.64159E-03   2             77         -11007          14265           9035   1.10073E+04   -1.56380   1.68855E+04    0.56459
  11   4.64159E-03   3             47         -11045           9052           8052   1.10451E+04   -1.56654   1.21150E+04    0.72700
  11   4.64159E-03   4             35         -11052           8050           9239   1.10521E+04   -1.56763   1.22540E+04    0.85406
  11   4.64159E-03   5             42         -11037           9239           9302   1.10371E+04   -1.56699   1.31105E+04    0.78880
  11   4.64159E-03   6             57         -11043           9296          10561   1.10431E+04   -1.56563   1.40695E+04    0.84902
  11   4.64159E-03   7             51         -11051          10570           9996   1.10511E+04   -1.56618   1.45480E+04    0.75750
  11   4.64159E-03   8             41         -11063          10003           9113   1.10631E+04   -1.56709   1.35317E+04    0.73887
  11   4.64159E-03   9             48         -11092           9102              0   1.10921E+04   -1.56647   9.10200E+03    0.00000

  12   6.81292E-03   0          15968            109              0          14931   1.59684E+04    0.00683   1.49310E+04    1.57080
  12   6.81292E-03   1            114         -15831          14921          17612   1.58314E+04   -1.56360   2.30829E+04    0.86793
  12   6.81292E-03   2            112         -15820          17609          16567   1.58204E+04   -1.56372   2.41773E+04    0.75492
  12   6.81292E-03   3             96         -15834          16575          16416   1.58343E+04   -1.56473   2.33284E+04    0.78058
  12   6.81292E-03   4            117         -15833          16426          14812   1.58334E+04   -1.56341   2.21181E+04    0.73378
  12   6.81292E-03   5            103         -15846          14816          14896   1.58463E+04   -1.56430   2.10096E+04    0.78809
  12   6.81292E-03   6            103         -15854          14889          16003   1.58543E+04   -1.56430   2.18581E+04    0.82144
  12   6.81292E-03   7            114         -15846          16005          14746   1.58464E+04   -1.56360   2.17625E+04    0.74448
  12   6.81292E-03   8            102         -15874          14750          16715   1.58743E+04   -1.56437   2.22925E+04    0.84777
  12   6.81292E-03   9            114         -15969          16699              0   1.59694E+04   -1.56366   1.66990E+04    0.00000

  13   1.00000E-02   0          22694            226              0          20784   2.26951E+04    0.00996   2.07840E+04    1.57080
  13   1.00000E-02   1            221         -22474          20790          22996   2.24751E+04   -1.56096   3.10006E+04    0.83574
  13   1.00000E-02   2            237         -22465          22991          24696   2.24663E+04   -1.56025   3.37413E+04    0.82114
  13   1.00000E-02   3            257         -22428          24677          23703   2.24295E+04   -1.55934   3.42168E+04    0.76527
  13   1.00000E-02   4            235         -22500          23731          23297   2.25012E+04   -1.56035   3.32552E+04    0.77617
  13   1.00000E-02   5            220         -22494          23286          23508   2.24951E+04   -1.56102   3.30887E+04    0.79014
  13   1.00000E-02   6            232         -22442          23490          22535   2.24432E+04   -1.56046   3.25516E+04    0.76465
  13   1.00000E-02   7            206         -22472          22563          22301   2.24729E+04   -1.56163   3.17242E+04    0.77956
  13   1.00000E-02   8            239         -22424          22279          22596   2.24253E+04   -1.56014   3.17322E+04    0.79246
  13   1.00000E-02   9            251         -22667          22610              0   2.26684E+04   -1.55972   2.26100E+04    0.00000

  14   1.46780E-02   0          31969            443              0          32308   3.19721E+04    0.01386   3.23080E+04    1.57080
  14   1.46780E-02   1            492         -31472          32259          31367   3.14758E+04   -1.55516   4.49948E+04    0.77138
  14   1.46780E-02   2            482         -31495          31394          31628   3.14987E+04   -1.55549   4.45636E+04    0.78911
  14   1.46780E-02   3            445         -31548          31648          33181   3.15511E+04   -1.55669   4.58538E+04    0.80904
  14   1.46780E-02   4            465         -31429          33132          31874   3.14324E+04   -1.55600   4.59748E+04    0.76605
  14   1.46780E-02   5            503         -31457          31904          28710   3.14610E+04   -1.55481   4.29200E+04    0.73275
  14   1.46780E-02   6            420         -31548          28718          30584   3.15508E+04   -1.55748   4.19536E+04    0.81685
  14   1.46780E-02   7            478         -31455          30530          31942   3.14586E+04   -1.55560   4.41857E+04    0.80800
  14   1.46780E-02   8            463         -31463          31965          32441   3.14664E+04   -1.55608   4.55432E+04    0.79279
  14   1.46780E-02   9            476         -31951          32474              0   3.19545E+04   -1.55590   3.24740E+04    0.00000

  15   2.15443E-02   0          44134            943              0          43171   4.41441E+04    0.02136   4.31710E+04    1.57080
  15   2.15443E-02   1            976         -43120          43131          45049   4.31310E+04   -1.54817   6.23674E+04    0.80715
  15   2.15443E-02   2            982         -43115          45046          43046   4.31262E+04   -1.54802   6.23065E+04    0.76270
  15   2.15443E-02   3            983         -43168          43095          45011   4.31792E+04   -1.54803   6.23151E+04    0.80714
  15   2.15443E-02   4            918         -43132          44925          44450   4.31418E+04   -1.54952   6.31986E+04    0.78008
  15   2.15443E-02   5           1019         -43121          44501          42171   4.31330E+04   -1.54717   6.13085E+04    0.75852
  15   2.15443E-02   6            988         -43261          42208          41178   4.32723E+04   -1.54796   5.89673E+04    0.77305
  15   2.15443E-02   7            925         -43275          41157          41220   4.32849E+04   -1.54942   5.82494E+04    0.78616
  15   2.15443E-02   8            939         -43286          41216          43352   4.32962E+04   -1.54911   5.98177E+04    0.81065
  15   2.15443E-02   9            954         -44193          43302              0   4.42033E+04   -1.54921   4.33020E+04    0.00000

  16   3.16228E-02   0          59733           1906              0          57892   5.97634E+04    0.03190   5.78920E+04    1.57080
  16   3.16228E-02   1           1912         -57877          57921          57977   5.79086E+04   -1.53777   8.19523E+04    0.78588
  16   3.16228E-02   2           1852         -57836          57912          59172   5.78656E+04   -1.53879   8.27957E+04    0.79616
  16   3.16228E-02   3           1855         -57719          59192          58804   5.77488E+04   -1.53867   8.34362E+04    0.78211
  16   3.16228E-02   4           1921         -57718          58831          58642   5.77500E+04   -1.53753   8.30661E+04    0.78379
  16   3.16228E-02   5           1972         -57626          58560          57005   5.76597E+04   -1.53659   8.17242E+04    0.77194
  16   3.16228E-02   6           1857         -57882          57100          58827   5.79118E+04   -1.53872   8.19819E+04    0.80029
  16   3.16228E-02   7           1895         -57726          58786          58236   5.77571E+04   -1.53798   8.27480E+04    0.78070
  16   3.16228E-02   8           1930         -57779          58294          55267   5.78112E+04   -1.53741   8.03283E+04    0.75875
  16   3.16228E-02   9           1807         -59703          55332              0   5.97303E+04   -1.54054   5.53320E+04    0.00000

  17   4.64159E-02   0          78044           3572              0          73173   7.81257E+04    0.04574   7.31730E+04    1.57080
  17   4.64159E-02   1           3605         -74400          73149          74418   7.44873E+04   -1.52238   1.04349E+05    0.79400
  17   4.64159E-02   2           3749         -74304          74326          74771   7.43985E+04   -1.52038   1.05428E+05    0.78838
  17   4.64159E-02   3           3631         -74505          74772          74349   7.45934E+04   -1.52210   1.05445E+05    0.78256
  17   4.64159E-02   4           3608         -74593          74393          74229   7.46802E+04   -1.52246   1.05092E+05    0.78429
  17   4.64159E-02   5           3696         -74428          74248          74308   7.45197E+04   -1.52118   1.05045E+05    0.78580
  17   4.64159E-02   6           3628         -74555          74297          74576   7.46432E+04   -1.52217   1.05269E+05    0.78727
  17   4.64159E-02   7           3501         -74445          74498          73636   7.45273E+04   -1.52380   1.04748E+05    0.77958
  17   4.64159E-02   8           3628         -74300          73591          76544   7.43885E+04   -1.52201   1.06182E+05    0.80506
  17   4.64159E-02   9           3696         -77963          76606              0   7.80506E+04   -1.52342   7.66060E+04    0.00000

  18   6.81292E-02   0          98437           6619              0          90119   9.86593E+04    0.06714   9.01190E+04    1.57080
  18   6.81292E-02   1           6670         -91827          90073          90496   9.20689E+04   -1.49829   1.27682E+05    0.78774
  18   6.81292E-02   2           6647         -91897          90524          90854   9.21371E+04   -1.49859   1.28254E+05    0.78722
  18   6.81292E-02   3           6611         -91822          90828          91560   9.20597E+04   -1.49892   1.28969E+05    0.78941
  18   6.81292E-02   4           6810         -91793          91450          90965   9.20453E+04   -1.49674   1.28987E+05    0.78274
  18   6.81292E-02   5           6671         -91839          90997          92875   9.20810E+04   -1.49829   1.30024E+05    0.79561
  18   6.81292E-02   6           6719         -91702          92807          92970   9.19478E+04   -1.49766   1.31364E+05    0.78628
  18   6.81292E-02   7           6760         -91807          93004          91622   9.20555E+04   -1.49730   1.30554E+05    0.77791
  18   6.81292E-02   8           6759         -91690          91576          93146   9.19388E+04   -1.49721   1.30623E+05    0.79390
  18   6.81292E-02   9           6643         -98440          93265              0   9.86639E+04   -1.50342   9.32650E+04    0.00000

  19   1.00000E-01   0         118483          11810              0         106945   1.19070E+05    0.09935   1.06945E+05    1.57080
  19   1.00000E-01   1          11828        -106677         106880         107434   1.07331E+05   -1.46037   1.51543E+05    0.78798
  19   1.00000E-01   2          11898        -106452         107342         107766   1.07115E+05   -1.45949   1.52105E+05    0.78737
  19   1.00000E-01   3          11950        -106436         107623         107510   1.07105E+05   -1.45899   1.52122E+05    0.78487
  19   1.00000E-01   4          11842        -106441         107709         106334   1.07098E+05   -1.46000   1.51354E+05    0.77897
  19   1.00000E-01   5          11755        -106739         106539         106819   1.07384E+05   -1.46111   1.50867E+05    0.78671
  19   1.00000E-01   6          11946        -106468         106736         106446   1.07136E+05   -1.45906   1.50743E+05    0.78404
  19   1.00000E-01   7          11924        -106533         106363         106009   1.07198E+05   -1.45933   1.50170E+05    0.78373
  19   1.00000E-01   8          11793        -106482         105849         106018   1.07133E+05   -1.46049   1.49813E+05    0.78620
  19   1.00000E-01   9          11845        -118496         105931              0   1.19087E+05   -1.47117   1.05931E+05    0.00000

  20   1.46780E-01   0         134944          20079              0         114631   1.36430E+05    0.14771   1.14631E+05    1.57080
  20   1.46780E-01   1          19888        -114922         114791         115721   1.16630E+05   -1.39944   1.62998E+05    0.78943
  20   1.46780E-01   2          19740        -114988         115749         115095   1.16670E+05   -1.40078   1.63232E+05    0.78257
  20   1.46780E-01   3          19690        -115031         115302         115390   1.16704E+05   -1.40127   1.63124E+05    0.78578
  20   1.46780E-01   4          19601        -115142         115354         115758   1.16798E+05   -1.40218   1.63421E+05    0.78715
  20   1.46780E-01   5          19617        -114918         115662         114780   1.16580E+05   -1.40172   1.62948E+05    0.78157
  20   1.46780E-01   6          19641        -114920         114914         115667   1.16586E+05   -1.40152   1.63046E+05    0.78866
  20   1.46780E-01   7          19792        -114734         115545         115381   1.16429E+05   -1.39997   1.63289E+05    0.78469
  20   1.46780E-01   8          19851        -114764         115540         115030   1.16468E+05   -1.39952   1.63038E+05    0.78319
  20   1.46780E-01   9          19770        -134471         114752              0   1.35917E+05   -1.42482   1.14752E+05    0.00000

  21   2.15443E-01   0         144057          30982              0         113191   1.47351E+05    0.21184   1.13191E+05    1.57080
  21   2.15443E-01   1          31078        -112946         113208         113447   1.17144E+05   -1.30228   1.60269E+05    0.78645
  21   2.15443E-01   2          30883        -113113         113545         112460   1.17253E+05   -1.30426   1.59812E+05    0.78060
  21   2.15443E-01   3          30986        -112851         112391         112672   1.17028E+05   -1.30283   1.59144E+05    0.78665
  21   2.15443E-01   4          31025        -112917         112700         113210   1.17102E+05   -1.30265   1.59743E+05    0.78766
  21   2.15443E-01   5          30945        -112756         113112         112987   1.16925E+05   -1.30295   1.59876E+05    0.78485
  21   2.15443E-01   6          31258        -113258         113147         112451   1.17492E+05   -1.30151   1.59523E+05    0.78231
  21   2.15443E-01   7          30866        -112843         112336         112954   1.16988E+05   -1.30380   1.59305E+05    0.78814
  21   2.15443E-01   8          31013        -112796         112884         111869   1.16982E+05   -1.30248   1.58926E+05    0.78088
  21   2.15443E-01   9          31137        -143496         112061              0   1.46835E+05   -1.35712   1.12061E+05    0.00000

  22   3.16228E-01   0         140675          44400              0          96476   1.47515E+05    0.30573   9.64760E+04    1.57080
  22   3.16228E-01   1          44724         -95850          96410          96777   1.05771E+05   -1.13422   1.36604E+05    0.78730
  22   3.16228E-01   2          44353         -96055          96734          96295   1.05801E+05   -1.13822   1.36492E+05    0.78312
  22   3.16228E-01   3          44205         -96168          96616          96208   1.05841E+05   -1.13993   1.36347E+05    0.78328
  22   3.16228E-01   4          44406         -96447          96224          96050   1.06179E+05   -1.13931   1.35958E+05    0.78449
  22   3.16228E-01   5          44056         -96077          95757          96227   1.05696E+05   -1.14086   1.35754E+05    0.78785
  22   3.16228E-01   6          44355         -95931          96649          96481   1.05689E+05   -1.13771   1.36564E+05    0.78453
  22   3.16228E-01   7          44538         -95625          96266          96136   1.05488E+05   -1.13492   1.36049E+05    0.78472
  22   3.16228E-01   8          44234         -95860          96185          95935   1.05574E+05   -1.13847   1.35849E+05    0.78410
  22   3.16228E-01   9          44536        -140469          95749              0   1.47360E+05   -1.26377   9.57490E+04    0.00000

  23   4.64159E-01   0         120215          55397              0          64247   1.32365E+05    0.43181   6.42470E+04    1.57080
  23   4.64159E-01   1          55520         -64007          63977          64092   8.47311E+04   -0.85628   9.05585E+04    0.78630
  23   4.64159E-01   2          55712         -63663          64093          64663   8.45979E+04   -0.85191   9.10451E+04    0.78983
  23   4.64159E-01   3          55942         -64457          64639          64464   8.53476E+04   -0.85600   9.12897E+04    0.78404
  23   4.64159E-01   4          55824         -64429          64821          64233   8.52491E+04   -0.85683   9.12559E+04    0.78084
  23   4.64159E-01   5          55388         -64376          64143          64779   8.49241E+04   -0.86031   9.11627E+04    0.79033
  23   4.64159E-01   6          55933         -63738          64497          64501   8.48000E+04   -0.85053   9.12154E+04    0.78543
  23   4.64159E-01   7          55733         -64531          65075          64834   8.52667E+04   -0.85842   9.18597E+04    0.78354
  23   4.64159E-01   8          56085         -63897          64849          64415   8.50197E+04   -0.85042   9.14040E+04    0.78204
  23   4.64159E-01   9          56067        -119873          64610              0   1.32337E+05   -1.13330   6.46100E+04    0.00000

  24   6.81292E-01   0          76306          51458              0          24117   9.20355E+04    0.59331   2.41170E+04    1.57080
  24   6.81292E-01   1          51408         -23997          23946          23995   5.67330E+04   -0.43673   3.38994E+04    0.78642
  24   6.81292E-01   2          51953         -24449          24223          24396   5.74184E+04   -0.43985   3.43790E+04    0.78896
  24   6.81292E-01   3          51926         -24032          24255          24212   5.72175E+04   -0.43346   3.42714E+04    0.78451
  24   6.81292E-01   4          52241         -24310          24519          24446   5.76203E+04   -0.43554   3.46235E+04    0.78391
  24   6.81292E-01   5          51836         -24243          24779          24227   5.72249E+04   -0.43746   3.46547E+04    0.77413
  24   6.81292E-01   6          52000         -24396          24330          24178   5.74384E+04   -0.43867   3.43005E+04    0.78226
  24   6.81292E-01   7          51729         -24667          24109          24171   5.73093E+04   -0.44496   3.41391E+04    0.78668
  24   6.81292E-01   8          51424         -24695          24063          24201   5.70462E+04   -0.44770   3.41279E+04    0.78826
  24   6.81292E-01   9          51452         -76079          24269              0   9.18440E+04   -0.97616   2.42690E+04    0.00000

  25   1.00000E+00   0              0              0              0              0   0.00000E+00    0.00000   0.00000E+00    0.00000
  25   1.00000E+00   1              0              0              0              0   0.00000E+00    0.00000   0.00000E+00    0.00000
  25   1.00000E+00   2              0              0              0              0   0.00000E+00    0.00000   0.00000E+00    0.00000
  25   1.00000E+00   3              0              0              0              0   0.00000E+00    0.00000   0.00000E+00    0.00000
  25   1.00000E+00   4              0              0              0              0   0.00000E+00    0.00000   0.00000E+00    0.00000
  25   1.00000E+00   5              0              0              0              0   0.00000E+00    0.00000   0.00000E+00    0.00000
  25   1.00000E+00   6              0              0              0              0   0.00000E+00    0.00000   0.00000E+00    0.00000
  25   1.00000E+00   7              0              0              0              0   0.00000E+00    0.00000   0.00000E+00    0.00000
  25   1.00000E+00   8              0              0              0              0   0.00000E+00    0.00000   0.00000E+00    0.00000
  25   1.00000E+00   9              0              0              0              0   0.00000E+00    0.00000   0.00000E+00    0.00000

