# TCRW Fig 2 current JDr for omega = 1.00
# D_r =  1.000E-03   T =    10000000000
# columns:  x  y  Jx  Jy  |J|   (allowed sites only; counts/T_steps)
   1    1   3.099780E-05   3.040000E-08   3.099781E-05
   1    2   2.830000E-08  -3.096830E-05   3.096831E-05
   1    3   2.980000E-08  -3.096460E-05   3.096461E-05
   1    4   3.170000E-08  -3.095980E-05   3.095982E-05
   1    5   3.290000E-08  -3.096160E-05   3.096162E-05
   1    6   2.870000E-08  -3.096320E-05   3.096321E-05
   1    7   3.000000E-08  -3.096130E-05   3.096131E-05
   1    8   2.900000E-08  -3.099110E-05   3.099111E-05
   2    1   3.096280E-05   2.990000E-08   3.096281E-05
   2    2   2.000000E-09   3.600000E-09   4.118252E-09
   2    3  -3.600000E-09   7.000000E-10   3.667424E-09
   2    4   2.300000E-09   2.000000E-10   2.308679E-09
   2    5  -2.000000E-09   1.700000E-09   2.624881E-09
   2    6  -2.900000E-09   4.000000E-10   2.927456E-09
   2    7  -8.000000E-10   4.100000E-09   4.177320E-09
   2    8  -3.095540E-05  -3.230000E-08   3.095542E-05
   3    1   3.096510E-05   3.220000E-08   3.096512E-05
   3    2  -1.500000E-09  -9.000000E-10   1.749286E-09
   3    3  -4.000000E-09   1.500000E-09   4.272002E-09
   3    4  -2.500000E-09  -7.000000E-10   2.596151E-09
   3    5   5.000000E-10   3.000000E-10   5.830952E-10
   3    6  -1.000000E-10  -3.000000E-10   3.162278E-10
   3    7   8.000000E-10  -5.800000E-09   5.854912E-09
   3    8  -3.095770E-05  -3.270000E-08   3.095772E-05
   4    1   3.096070E-05   2.990000E-08   3.096071E-05
   4    2   2.000000E-09  -7.000000E-10   2.118962E-09
   4    3  -1.300000E-09   2.400000E-09   2.729469E-09
   4    4   1.700000E-09  -7.000000E-10   1.838478E-09
   4    5   1.500000E-09   1.500000E-09   2.121320E-09
   4    6  -4.000000E-09  -8.000000E-10   4.079216E-09
   4    7   1.700000E-09   6.000000E-10   1.802776E-09
   4    8  -3.095930E-05  -3.320000E-08   3.095932E-05
   5    1   3.096310E-05   3.080000E-08   3.096312E-05
   5    2  -3.500000E-09   1.000000E-10   3.501428E-09
   5    3  -2.400000E-09  -1.400000E-09   2.778489E-09
   5    4   1.700000E-09   3.000000E-09   3.448188E-09
   5    5   1.600000E-09  -2.400000E-09   2.884441E-09
   5    6   1.100000E-09  -2.700000E-09   2.915476E-09
   5    7   3.000000E-10   3.000000E-10   4.242641E-10
   5    8  -3.095890E-05  -3.370000E-08   3.095892E-05
   6    1   3.096410E-05   3.110000E-08   3.096412E-05
   6    2  -1.600000E-09   1.100000E-09   1.941649E-09
   6    3  -3.800000E-09  -1.900000E-09   4.248529E-09
   6    4   3.900000E-09  -4.100000E-09   5.658622E-09
   6    5   2.000000E-10   7.000000E-10   7.280110E-10
   6    6   0.000000E+00  -4.000000E-10   4.000000E-10
   6    7  -5.000000E-09   7.000000E-10   5.048762E-09
   6    8  -3.095770E-05  -3.130000E-08   3.095772E-05
   7    1   3.096280E-05   3.100000E-08   3.096282E-05
   7    2  -5.400000E-09   5.000000E-10   5.423099E-09
   7    3   3.800000E-09   2.300000E-09   4.441846E-09
   7    4  -1.700000E-09   3.000000E-10   1.726268E-09
   7    5  -7.000000E-10   2.400000E-09   2.500000E-09
   7    6   1.300000E-09   3.800000E-09   4.016217E-09
   7    7   4.600000E-09  -4.000000E-09   6.095900E-09
   7    8  -3.096030E-05  -3.520000E-08   3.096032E-05
   8    1  -2.860000E-08   3.099740E-05   3.099741E-05
   8    2  -3.250000E-08   3.096060E-05   3.096062E-05
   8    3  -3.110000E-08   3.095900E-05   3.095902E-05
   8    4  -3.310000E-08   3.095990E-05   3.095992E-05
   8    5  -3.130000E-08   3.095900E-05   3.095902E-05
   8    6  -3.220000E-08   3.095930E-05   3.095932E-05
   8    7  -3.050000E-08   3.096530E-05   3.096532E-05
   8    8  -3.099720E-05  -2.970000E-08   3.099721E-05
