# TCRW Fig 2 current Jomega for omega = 1.00
# D_r =  1.000E-03   T =    10000000000
# columns:  x  y  Jx  Jy  |J|   (allowed sites only; counts/T_steps)
   1    1   0.000000E+00   3.057360E-05   3.057360E-05
   1    2   3.057610E-05   2.842870E-05   4.175032E-05
   1    3   2.842720E-05   3.031370E-05   4.155750E-05
   1    4   3.030840E-05   3.089580E-05   4.327990E-05
   1    5   3.089900E-05   3.117180E-05   4.389111E-05
   1    6   3.117270E-05   3.185570E-05   4.457043E-05
   1    7   3.185510E-05   3.262010E-05   4.559406E-05
   1    8   3.261790E-05   0.000000E+00   3.261790E-05
   2    1  -3.057340E-05   3.097030E-05   4.351887E-05
   2    2   2.539300E-06  -8.524000E-07   2.678550E-06
   2    3  -5.888000E-07   3.094500E-06   3.150018E-06
   2    4   6.216000E-07   2.707000E-07   6.779860E-07
   2    5  -5.922000E-07   2.745000E-07   6.527259E-07
   2    6  -6.757000E-07   1.214000E-06   1.389376E-06
   2    7  -2.366000E-07   1.077600E-06   1.103268E-06
   2    8   3.293320E-05  -3.261560E-05   4.635055E-05
   3    1  -3.097170E-05   3.297620E-05   4.524020E-05
   3    2   3.256500E-06  -8.678000E-07   3.370144E-06
   3    3  -1.418800E-06   9.972000E-07   1.734186E-06
   3    4   1.457000E-07   2.091200E-06   2.096270E-06
   3    5   2.438000E-06   1.504500E-06   2.864850E-06
   3    6  -3.052000E-07   1.907200E-06   1.931465E-06
   3    7   1.512000E-07   4.228000E-07   4.490226E-07
   3    8   3.280340E-05  -3.293410E-05   4.648352E-05
   4    1  -3.297150E-05   3.014470E-05   4.467463E-05
   4    2   4.220000E-08  -1.991300E-06   1.991747E-06
   4    3   2.559000E-07   1.783500E-06   1.801765E-06
   4    4  -1.727900E-06   1.943100E-06   2.600245E-06
   4    5   5.759000E-07  -2.946000E-07   6.468771E-07
   4    6   2.420000E-07  -3.753000E-07   4.465580E-07
   4    7  -1.096100E-06  -1.137800E-06   1.579881E-06
   4    8   3.194640E-05  -3.280250E-05   4.578839E-05
   5    1  -3.014660E-05   3.238430E-05   4.424433E-05
   5    2   1.407600E-06   1.343900E-06   1.946126E-06
   5    3  -3.924000E-07   3.303700E-06   3.326922E-06
   5    4   1.616200E-06   1.380900E-06   2.125791E-06
   5    5  -4.920000E-08  -7.679000E-07   7.694745E-07
   5    6   1.809000E-07  -1.256200E-06   1.269158E-06
   5    7   1.154000E-07   2.199800E-06   2.202825E-06
   5    8   3.390800E-05  -3.194280E-05   4.658428E-05
   6    1  -3.238600E-05   3.018280E-05   4.427024E-05
   6    2  -1.312200E-06  -2.462000E-07   1.335097E-06
   6    3  -2.138200E-06   1.382000E-06   2.545943E-06
   6    4  -3.943000E-07  -1.494300E-06   1.545447E-06
   6    5   8.899000E-07  -1.700100E-06   1.918922E-06
   6    6  -4.891000E-07  -6.990000E-07   8.531236E-07
   6    7  -2.715400E-06   1.126500E-06   2.939796E-06
   6    8   3.318580E-05  -3.390650E-05   4.744416E-05
   7    1  -3.018300E-05   3.290370E-05   4.465050E-05
   7    2   7.683000E-07   3.333600E-06   3.420990E-06
   7    3   6.368000E-07   2.303000E-07   6.771649E-07
   7    4  -4.116000E-07   6.598000E-07   7.776571E-07
   7    5   1.965200E-06   1.082100E-06   2.243424E-06
   7    6   2.670100E-06   1.624900E-06   3.125657E-06
   7    7   5.200000E-09  -2.687600E-06   2.687605E-06
   7    8   2.850030E-05  -3.319240E-05   4.374931E-05
   8    1  -3.290670E-05   0.000000E+00   3.290670E-05
   8    2  -3.351870E-05  -3.290420E-05   4.697009E-05
   8    3  -3.236560E-05  -3.351810E-05   4.659394E-05
   8    4  -3.353700E-05  -3.236830E-05   4.660941E-05
   8    5  -3.386350E-05  -3.353540E-05   4.765878E-05
   8    6  -3.319680E-05  -3.386190E-05   4.741999E-05
   8    7  -2.849840E-05  -3.320160E-05   4.375506E-05
   8    8   0.000000E+00  -2.849940E-05   2.849940E-05
