# TCRW Fig 3(h)/(i): per-site left-wall currents  (L = 10, D_r = 10^-3)
# T_use = max(T_floor,  100.0*max(L^2,1/D_r)/D_r);  N_burn_use = max(N_burn_floor,   10.0*max(L^2,1/D_r)/D_r)
# L = 10   D_r =  1.0000E-03   seed = 20260424
# columns:  iW  ω  y  Jx_Dr  Jy_Dr  Jx_om  Jy_om  |J_Dr|  th_Dr  |J_om|  th_om
   1   0.0000   0              2           2472           2660              0   2.47200E+03    1.56999   2.66000E+03    0.00000
   1   0.0000   1              2           2468           2108          -2660   2.46800E+03    1.56999   3.39400E+03   -0.90066
   1   0.0000   2              0           2473            860          -2109   2.47300E+03    1.57080   2.27760E+03   -1.18360
   1   0.0000   3              4           2468           1940           -859   2.46800E+03    1.56918   2.12167E+03   -0.41684
   1   0.0000   4              1           2469           2288          -1942   2.46900E+03    1.57039   3.00105E+03   -0.70378
   1   0.0000   5              1           2469           1229          -2285   2.46900E+03    1.57039   2.59455E+03   -1.07732
   1   0.0000   6              2           2471           1085          -1232   2.47100E+03    1.56999   1.64166E+03   -0.84876
   1   0.0000   7              2           2469           3107          -1085   2.46900E+03    1.56999   3.29100E+03   -0.33597
   1   0.0000   8              4           2468           3887          -3106   2.46800E+03    1.56918   4.97554E+03   -0.67418
   1   0.0000   9           2470             -4              0          -3885   2.47000E+03   -0.00162   3.88500E+03   -1.57080

   2   0.0500   0            135           2345           2294            119   2.34888E+03    1.51329   2.29708E+03    0.05183
   2   0.0500   1              2           2246           2398          -2180   2.24600E+03    1.56991   3.24080E+03   -0.73782
   2   0.0500   2              2           2253           2520          -2199   2.25300E+03    1.56991   3.34455E+03   -0.71748
   2   0.0500   3              2           2257           2326          -2280   2.25700E+03    1.56991   3.25710E+03   -0.77541
   2   0.0500   4              2           2257           2677          -2088   2.25700E+03    1.56991   3.39501E+03   -0.66241
   2   0.0500   5              6           2267           2897          -2464   2.26701E+03    1.56815   3.80314E+03   -0.70480
   2   0.0500   6              1           2258           2566          -2662   2.25800E+03    1.57035   3.69738E+03   -0.80376
   2   0.0500   7              5           2226           2573          -2317   2.22601E+03    1.56855   3.46249E+03   -0.73309
   2   0.0500   8              1           2243           2395          -2322   2.24300E+03    1.57035   3.33582E+03   -0.76992
   2   0.0500   9           2321           -159            132          -2242   2.32644E+03   -0.06840   2.24588E+03   -1.51199

   3   0.1000   0            261           2240           2167            249   2.25515E+03    1.45480   2.18126E+03    0.11440
   3   0.1000   1              1           1960           2777          -1897   1.96000E+03    1.57029   3.36308E+03   -0.59930
   3   0.1000   2              4           1935           2463          -2211   1.93500E+03    1.56873   3.30982E+03   -0.73154
   3   0.1000   3              1           1983           2555          -1964   1.98300E+03    1.57029   3.22263E+03   -0.65536
   3   0.1000   4              0           1953           2516          -2048   1.95300E+03    1.57080   3.24416E+03   -0.68321
   3   0.1000   5              2           1930           2440          -2000   1.93000E+03    1.56976   3.15493E+03   -0.68662
   3   0.1000   6              3           1983           2738          -1945   1.98300E+03    1.56928   3.35852E+03   -0.61765
   3   0.1000   7              2           1991           2227          -2281   1.99100E+03    1.56979   3.18787E+03   -0.79738
   3   0.1000   8              3           2039           2616          -1786   2.03900E+03    1.56933   3.16753E+03   -0.59904
   3   0.1000   9           2287           -252            237          -2359   2.30084E+03   -0.10975   2.37088E+03   -1.47067

   4   0.1500   0            361           2029           2067            415   2.06086E+03    1.39472   2.10825E+03    0.19814
   4   0.1500   1              3           1737           2290          -1692   1.73700E+03    1.56907   2.84727E+03   -0.63634
   4   0.1500   2              3           1775           2568          -1553   1.77500E+03    1.56911   3.00107E+03   -0.54391
   4   0.1500   3              1           1725           2451          -1850   1.72500E+03    1.57022   3.07081E+03   -0.64656
   4   0.1500   4              3           1830           2614          -1719   1.83000E+03    1.56916   3.12857E+03   -0.58171
   4   0.1500   5              2           1780           2479          -1933   1.78000E+03    1.56967   3.14355E+03   -0.66227
   4   0.1500   6              4           1785           2446          -1749   1.78500E+03    1.56856   3.00698E+03   -0.62075
   4   0.1500   7              3           1692           2380          -1674   1.69200E+03    1.56902   2.90976E+03   -0.61298
   4   0.1500   8              2           1748           2621          -1593   1.74800E+03    1.56965   3.06713E+03   -0.54612
   4   0.1500   9           2105           -397            370          -2213   2.14211E+03   -0.18641   2.24372E+03   -1.40513

   5   0.2000   0            452           2006           1946            491   2.05629E+03    1.34917   2.00699E+03    0.24715
   5   0.2000   1              1           1558           2499          -1450   1.55800E+03    1.57015   2.88920E+03   -0.52576
   5   0.2000   2              2           1506           2654          -1515   1.50600E+03    1.56947   3.05597E+03   -0.51870
   5   0.2000   3              1           1493           2532          -1620   1.49300E+03    1.57013   3.00590E+03   -0.56918
   5   0.2000   4              2           1434           2599          -1480   1.43400E+03    1.56940   2.99085E+03   -0.51765
   5   0.2000   5              2           1487           2556          -1604   1.48700E+03    1.56945   3.01761E+03   -0.56043
   5   0.2000   6              3           1373           2484          -1531   1.37300E+03    1.56861   2.91791E+03   -0.55235
   5   0.2000   7              3           1434           2423          -1491   1.43400E+03    1.56870   2.84500E+03   -0.55163
   5   0.2000   8              0           1413           2301          -1432   1.41300E+03    1.57080   2.71021E+03   -0.55668
   5   0.2000   9           1874           -449            504          -1821   1.92704E+03   -0.23516   1.88946E+03   -1.30078

   6   0.2500   0            637           1888           1911            626   1.99256E+03    1.24540   2.01092E+03    0.31656
   6   0.2500   1              1           1214           2588          -1285   1.21400E+03    1.56997   2.88946E+03   -0.46086
   6   0.2500   2              0           1260           2427          -1289   1.26000E+03    1.57080   2.74806E+03   -0.48822
   6   0.2500   3              7           1283           2540          -1282   1.28302E+03    1.56534   2.84519E+03   -0.46742
   6   0.2500   4              4           1194           2467          -1298   1.19401E+03    1.56745   2.78763E+03   -0.48434
   6   0.2500   5              2           1188           2382          -1203   1.18800E+03    1.56911   2.66855E+03   -0.46767
   6   0.2500   6              3           1199           2391          -1148   1.19900E+03    1.56829   2.65232E+03   -0.44763
   6   0.2500   7              4           1174           2497          -1188   1.17401E+03    1.56739   2.76520E+03   -0.44408
   6   0.2500   8              1           1129           2416          -1209   1.12900E+03    1.56991   2.70162E+03   -0.46398
   6   0.2500   9           1824           -596            592          -1829   1.91890E+03   -0.31582   1.92242E+03   -1.25776

   7   0.3000   0            742           1692           1599            711   1.84755E+03    1.15752   1.74995E+03    0.41840
   7   0.3000   1              3           1090           2450           -901   1.09000E+03    1.56804   2.61042E+03   -0.35240
   7   0.3000   2              2            986           2447          -1006   9.86002E+02    1.56877   2.64572E+03   -0.39005
   7   0.3000   3              1           1050           2474          -1025   1.05000E+03    1.56984   2.67793E+03   -0.39278
   7   0.3000   4              5            950           2458           -899   9.50013E+02    1.56553   2.61724E+03   -0.35063
   7   0.3000   5              2            964           2364           -999   9.64002E+02    1.56872   2.56642E+03   -0.39983
   7   0.3000   6              3           1006           2419           -975   1.00600E+03    1.56781   2.60810E+03   -0.38314
   7   0.3000   7              1            976           2390          -1038   9.76001E+02    1.56977   2.60568E+03   -0.40973
   7   0.3000   8              2           1055           2416           -982   1.05500E+03    1.56890   2.60795E+03   -0.38606
   7   0.3000   9           1676           -735            777          -1737   1.83008E+03   -0.41329   1.90287E+03   -1.15017

   8   0.3500   0            840           1550           1560            923   1.76298E+03    1.07417   1.81260E+03    0.53427
   8   0.3500   1              4            757           2493           -644   7.57011E+02    1.56551   2.57484E+03   -0.25280
   8   0.3500   2              0            750           2453           -694   7.50000E+02    1.57080   2.54928E+03   -0.27571
   8   0.3500   3              2            778           2411           -813   7.78003E+02    1.56823   2.54438E+03   -0.32523
   8   0.3500   4              3            799           2529           -746   7.99006E+02    1.56704   2.63673E+03   -0.28684
   8   0.3500   5              5            684           2456           -778   6.84018E+02    1.56349   2.57628E+03   -0.30677
   8   0.3500   6              0            709           2524           -664   7.09000E+02    1.57080   2.60988E+03   -0.25725
   8   0.3500   7              1            688           2498           -780   6.88001E+02    1.56934   2.61695E+03   -0.30266
   8   0.3500   8              0            718           2505           -801   7.18000E+02    1.57080   2.62995E+03   -0.30949
   8   0.3500   9           1608           -859            875          -1574   1.82306E+03   -0.49063   1.80086E+03   -1.06343

   9   0.4000   0            931           1464           1441            971   1.73495E+03    1.00438   1.73762E+03    0.59295
   9   0.4000   1              2            555           2403           -568   5.55004E+02    1.56719   2.46922E+03   -0.23211
   9   0.4000   2              1            470           2453           -498   4.70001E+02    1.56867   2.50304E+03   -0.20029
   9   0.4000   3              4            423           2544           -437   4.23019E+02    1.56134   2.58126E+03   -0.17012
   9   0.4000   4              3            413           2426           -528   4.13011E+02    1.56353   2.48279E+03   -0.21430
   9   0.4000   5              2            530           2434           -450   5.30004E+02    1.56702   2.47525E+03   -0.18282
   9   0.4000   6              0            474           2503           -527   4.74000E+02    1.57080   2.55788E+03   -0.20752
   9   0.4000   7              0            463           2422           -504   4.63000E+02    1.57080   2.47388E+03   -0.20516
   9   0.4000   8              5            520           2522           -510   5.20024E+02    1.56118   2.57305E+03   -0.19953
   9   0.4000   9           1520          -1029            963          -1499   1.83555E+03   -0.59510   1.78168E+03   -0.99976

  10   0.4500   0           1103           1395           1365           1151   1.77838E+03    0.90176   1.78550E+03    0.70055
  10   0.4500   1              3            306           2525           -227   3.06015E+02    1.56099   2.53518E+03   -0.08966
  10   0.4500   2              2            289           2547           -308   2.89007E+02    1.56388   2.56556E+03   -0.12034
  10   0.4500   3              3            228           2441           -195   2.28020E+02    1.55764   2.44878E+03   -0.07972
  10   0.4500   4              2            204           2558           -237   2.04010E+02    1.56099   2.56896E+03   -0.09239
  10   0.4500   5              4            215           2402           -354   2.15037E+02    1.55219   2.42795E+03   -0.14632
  10   0.4500   6              2            228           2384           -275   2.28009E+02    1.56202   2.39981E+03   -0.11484
  10   0.4500   7              3            288           2437           -233   2.88016E+02    1.56038   2.44811E+03   -0.09532
  10   0.4500   8              2            158           2469           -250   1.58013E+02    1.55814   2.48162E+03   -0.10091
  10   0.4500   9           1393          -1159           1045          -1348   1.81211E+03   -0.69396   1.70562E+03   -0.91135

  11   0.5000   0           1206           1230           1300           1206   1.72260E+03    0.79525   1.77326E+03    0.74791
  11   0.5000   1              1           -115           2383            -46   1.15004E+02   -1.56210   2.38344E+03   -0.01930
  11   0.5000   2              2            -51           2340             33   5.10392E+01   -1.53160   2.34023E+03    0.01410
  11   0.5000   3              3             66           2424            -26   6.60681E+01    1.52537   2.42414E+03   -0.01073
  11   0.5000   4              3            -27           2426             57   2.71662E+01   -1.46014   2.42667E+03    0.02349
  11   0.5000   5              4            -85           2419             41   8.50941E+01   -1.52377   2.41935E+03    0.01695
  11   0.5000   6              2            -65           2408            -62   6.50308E+01   -1.54004   2.40880E+03   -0.02574
  11   0.5000   7              3             70           2302             -5   7.00643E+01    1.52797   2.30201E+03   -0.00217
  11   0.5000   8              1             27           2488             13   2.70185E+01    1.53378   2.48803E+03    0.00523
  11   0.5000   9           1238          -1227           1238          -1294   1.74304E+03   -0.78094   1.79083E+03   -0.80751

  12   0.5500   0           1253           1092           1035           1329   1.66207E+03    0.71685   1.68448E+03    0.90913
  12   0.5500   1              2           -168           2426            275   1.68012E+02   -1.55889   2.44154E+03    0.11287
  12   0.5500   2              1            -99           2452            241   9.90051E+01   -1.56070   2.46382E+03    0.09797
  12   0.5500   3              3           -259           2551            341   2.59017E+02   -1.55921   2.57369E+03    0.13289
  12   0.5500   4              5           -239           2579            230   2.39052E+02   -1.54988   2.58924E+03    0.08895
  12   0.5500   5              6           -267           2490            230   2.67067E+02   -1.54833   2.50060E+03    0.09211
  12   0.5500   6              4           -249           2471            290   2.49032E+02   -1.55473   2.48796E+03    0.11683
  12   0.5500   7              1           -233           2465            306   2.33002E+02   -1.56650   2.48392E+03    0.12351
  12   0.5500   8              2           -194           2613            250   1.94010E+02   -1.56049   2.62493E+03    0.09539
  12   0.5500   9           1142          -1411           1356          -1144   1.81524E+03   -0.89038   1.77411E+03   -0.70080

  13   0.6000   0           1387            975            890           1375   1.69540E+03    0.61271   1.63790E+03    0.99634
  13   0.6000   1              2           -404           2371            504   4.04005E+02   -1.56585   2.42398E+03    0.20945
  13   0.6000   2              1           -473           2425            490   4.73001E+02   -1.56868   2.47401E+03    0.19938
  13   0.6000   3              2           -375           2453            522   3.75005E+02   -1.56546   2.50793E+03    0.20967
  13   0.6000   4              5           -522           2519            501   5.22024E+02   -1.56122   2.56834E+03    0.19633
  13   0.6000   5              4           -492           2460            459   4.92016E+02   -1.56267   2.50245E+03    0.18446
  13   0.6000   6              3           -495           2513            476   4.95009E+02   -1.56474   2.55768E+03    0.18720
  13   0.6000   7              0           -517           2482            554   5.17000E+02   -1.57080   2.54308E+03    0.21961
  13   0.6000   8              3           -475           2545            604   4.75009E+02   -1.56448   2.61569E+03    0.23302
  13   0.6000   9           1052          -1609           1533          -1017   1.92239E+03   -0.99174   1.83967E+03   -0.58574

  14   0.6500   0           1537            829            837           1519   1.74631E+03    0.49464   1.73434E+03    1.06717
  14   0.6500   1              3           -709           2399            756   7.09006E+02   -1.56657   2.51530E+03    0.30528
  14   0.6500   2              4           -743           2424            791   7.43011E+02   -1.56541   2.54980E+03    0.31543
  14   0.6500   3              4           -703           2508            806   7.03011E+02   -1.56511   2.63433E+03    0.31095
  14   0.6500   4              1           -754           2517            837   7.54001E+02   -1.56947   2.65252E+03    0.32104
  14   0.6500   5              2           -752           2535            695   7.52003E+02   -1.56814   2.62855E+03    0.26759
  14   0.6500   6              1           -726           2466            712   7.26001E+02   -1.56942   2.56673E+03    0.28108
  14   0.6500   7              3           -694           2479            775   6.94006E+02   -1.56647   2.59732E+03    0.30300
  14   0.6500   8              1           -707           2584            766   7.07001E+02   -1.56938   2.69515E+03    0.28819
  14   0.6500   9            896          -1673           1696           -871   1.89783E+03   -1.07910   1.90658E+03   -0.47444

  15   0.7000   0           1701            687            728           1675   1.83449E+03    0.38385   1.82636E+03    1.16080
  15   0.7000   1              4           -958           2341           1001   9.58008E+02   -1.56662   2.54603E+03    0.40407
  15   0.7000   2              2           -918           2478           1009   9.18002E+02   -1.56862   2.67555E+03    0.38668
  15   0.7000   3              3           -909           2429            826   9.09005E+02   -1.56750   2.56560E+03    0.32779
  15   0.7000   4              4           -981           2403           1060   9.81008E+02   -1.56672   2.62641E+03    0.41544
  15   0.7000   5              5          -1022           2506           1023   1.02201E+03   -1.56590   2.70676E+03    0.38757
  15   0.7000   6              1           -982           2440            972   9.82001E+02   -1.56978   2.62648E+03    0.37909
  15   0.7000   7              3           -997           2612            989   9.97005E+02   -1.56779   2.79297E+03    0.36196
  15   0.7000   8              1           -965           2507           1004   9.65001E+02   -1.56976   2.70057E+03    0.38092
  15   0.7000   9            772          -1840           1767           -733   1.99539E+03   -1.17354   1.91300E+03   -0.39322

  16   0.7500   0           1804            595            641           1924   1.89959E+03    0.31859   2.02797E+03    1.24920
  16   0.7500   1              0          -1230           2490           1247   1.23000E+03   -1.57080   2.78480E+03    0.46429
  16   0.7500   2              3          -1261           2487           1222   1.26100E+03   -1.56842   2.77100E+03    0.45671
  16   0.7500   3              2          -1204           2481           1236   1.20400E+03   -1.56914   2.77183E+03    0.46220
  16   0.7500   4              2          -1196           2515           1246   1.19600E+03   -1.56912   2.80673E+03    0.45998
  16   0.7500   5              2          -1212           2562           1372   1.21200E+03   -1.56915   2.90624E+03    0.49166
  16   0.7500   6              3          -1223           2529           1118   1.22300E+03   -1.56834   2.76510E+03    0.41624
  16   0.7500   7              5          -1140           2425           1202   1.14001E+03   -1.56641   2.70655E+03    0.46018
  16   0.7500   8              2          -1235           2561           1266   1.23500E+03   -1.56918   2.85683E+03    0.45911
  16   0.7500   9            635          -1883           1868           -633   1.98719E+03   -1.24554   1.97234E+03   -0.32672

  17   0.8000   0           1991            491            506           2038   2.05065E+03    0.24179   2.09988E+03    1.32743
  17   0.8000   1              5          -1438           2469           1510   1.43801E+03   -1.56732   2.89414E+03    0.54889
  17   0.8000   2              4          -1478           2561           1555   1.47801E+03   -1.56809   2.99612E+03    0.54569
  17   0.8000   3              8          -1458           2514           1446   1.45802E+03   -1.56531   2.90019E+03    0.52197
  17   0.8000   4              2          -1536           2516           1460   1.53600E+03   -1.56949   2.90893E+03    0.52580
  17   0.8000   5              4          -1421           2370           1306   1.42101E+03   -1.56798   2.70602E+03    0.50365
  17   0.8000   6              2          -1454           2310           1517   1.45400E+03   -1.56942   2.76358E+03    0.58108
  17   0.8000   7              4          -1490           2515           1475   1.49001E+03   -1.56811   2.91562E+03    0.53042
  17   0.8000   8              2          -1501           2441           1539   1.50100E+03   -1.56946   2.88565E+03    0.56253
  17   0.8000   9            500          -1970           2011           -476   2.03246E+03   -1.32224   2.06657E+03   -0.23242

  18   0.8500   0           2165            387            357           2167   2.19932E+03    0.17688   2.19621E+03    1.40752
  18   0.8500   1              6          -1704           2543           1796   1.70401E+03   -1.56728   3.11327E+03    0.61491
  18   0.8500   2              3          -1729           2605           1802   1.72900E+03   -1.56906   3.16753E+03    0.60517
  18   0.8500   3              1          -1752           2582           1834   1.75200E+03   -1.57023   3.16706E+03    0.61761
  18   0.8500   4              1          -1728           2590           1824   1.72800E+03   -1.57022   3.16782E+03    0.61357
  18   0.8500   5              2          -1672           2611           1965   1.67200E+03   -1.56960   3.26780E+03    0.64515
  18   0.8500   6              0          -1769           2712           1803   1.76900E+03   -1.57080   3.25665E+03    0.58673
  18   0.8500   7              1          -1699           2485           1672   1.69900E+03   -1.57021   2.99513E+03    0.59226
  18   0.8500   8              0          -1641           2470           1739   1.64100E+03   -1.57080   3.02076E+03    0.61344
  18   0.8500   9            395          -2096           2143           -332   2.13289E+03   -1.38453   2.16856E+03   -0.15370

  19   0.9000   0           2285            269            248           2125   2.30078E+03    0.11718   2.13942E+03    1.45462
  19   0.9000   1              3          -2069           2385           2008   2.06900E+03   -1.56935   3.11774E+03    0.69979
  19   0.9000   2              2          -2023           2484           2027   2.02300E+03   -1.56981   3.20609E+03    0.68443
  19   0.9000   3              1          -2053           2533           1978   2.05300E+03   -1.57031   3.21381E+03    0.66298
  19   0.9000   4              3          -2021           2442           2076   2.02100E+03   -1.56931   3.20517E+03    0.70457
  19   0.9000   5              2          -2038           2580           1903   2.03800E+03   -1.56981   3.20590E+03    0.63552
  19   0.9000   6              3          -1970           2354           1934   1.97000E+03   -1.56927   3.04658E+03    0.68776
  19   0.9000   7              2          -1891           2454           1912   1.89100E+03   -1.56974   3.11093E+03    0.66189
  19   0.9000   8              3          -1954           2432           1983   1.95400E+03   -1.56926   3.13798E+03    0.68405
  19   0.9000   9            257          -2209           2231           -233   2.22390E+03   -1.45497   2.24313E+03   -0.10406

  20   0.9500   0           2319            108            132           1949   2.32151E+03    0.04654   1.95346E+03    1.50317
  20   0.9500   1              2          -2195           2078           2435   2.19500E+03   -1.56989   3.20114E+03    0.86434
  20   0.9500   2              3          -2228           2702           2032   2.22800E+03   -1.56945   3.38080E+03    0.64480
  20   0.9500   3              5          -2294           2242           1990   2.29401E+03   -1.56862   2.99778E+03    0.72592
  20   0.9500   4              2          -2230           2234           2042   2.23000E+03   -1.56990   3.02664E+03    0.74053
  20   0.9500   5              4          -2270           2263           2075   2.27000E+03   -1.56903   3.07031E+03    0.74209
  20   0.9500   6              4          -2248           2317           2136   2.24800E+03   -1.56902   3.15135E+03    0.74477
  20   0.9500   7              3          -2233           2390           2265   2.23300E+03   -1.56945   3.29277E+03    0.75855
  20   0.9500   8              4          -2238           2497           2349   2.23800E+03   -1.56901   3.42824E+03    0.75487
  20   0.9500   9            131          -2362           2482           -132   2.36563E+03   -1.51539   2.48551E+03   -0.05313

  21   1.0000   0           2470              3              0           2685   2.47000E+03    0.00121   2.68500E+03    1.57080
  21   1.0000   1              3          -2468           2684           2369   2.46800E+03   -1.56958   3.57995E+03    0.72314
  21   1.0000   2              2          -2472           2372            402   2.47200E+03   -1.56999   2.40582E+03    0.16788
  21   1.0000   3              2          -2473            402           1728   2.47300E+03   -1.56999   1.77414E+03    1.34222
  21   1.0000   4              1          -2471           1726           3159   2.47100E+03   -1.57039   3.59977E+03    1.07074
  21   1.0000   5              5          -2468           3159           3108   2.46801E+03   -1.56877   4.43158E+03    0.77726
  21   1.0000   6              1          -2470           3110           2542   2.47000E+03   -1.57039   4.01670E+03    0.68524
  21   1.0000   7              1          -2469           2542           1749   2.46900E+03   -1.57039   3.08557E+03    0.60265
  21   1.0000   8              3          -2467           1746           2840   2.46700E+03   -1.56958   3.33378E+03    1.01957
  21   1.0000   9              4          -2470           2842              0   2.47000E+03   -1.56918   2.84200E+03    0.00000

