# TCRW Fig 2 occupancy P(X,Y)
# omega = 0.00   D_r =  1.000E-03   T =    10000000000
# columns: x   y   P(x,y)
   0    0    0.000000E+00
   0    1    0.000000E+00
   0    2    0.000000E+00
   0    3    0.000000E+00
   0    4    0.000000E+00
   0    5    0.000000E+00
   0    6    0.000000E+00
   0    7    0.000000E+00
   0    8    0.000000E+00
   0    9    0.000000E+00

   1    0    0.000000E+00
   1    1    6.207562E-02
   1    2    3.117605E-02
   1    3    3.119303E-02
   1    4    3.108572E-02
   1    5    3.108106E-02
   1    6    3.113895E-02
   1    7    3.117448E-02
   1    8    6.228961E-02
   1    9    0.000000E+00

   2    0    0.000000E+00
   2    1    3.116538E-02
   2    2    1.284748E-04
   2    3    1.278280E-04
   2    4    1.261051E-04
   2    5    1.275012E-04
   2    6    1.280401E-04
   2    7    1.250922E-04
   2    8    3.115086E-02
   2    9    0.000000E+00

   3    0    0.000000E+00
   3    1    3.109904E-02
   3    2    1.300418E-04
   3    3    1.303651E-04
   3    4    1.292690E-04
   3    5    1.292170E-04
   3    6    1.289783E-04
   3    7    1.245569E-04
   3    8    3.106603E-02
   3    9    0.000000E+00

   4    0    0.000000E+00
   4    1    3.121421E-02
   4    2    1.294994E-04
   4    3    1.275409E-04
   4    4    1.267270E-04
   4    5    1.231810E-04
   4    6    1.208445E-04
   4    7    1.200326E-04
   4    8    3.105931E-02
   4    9    0.000000E+00

   5    0    0.000000E+00
   5    1    3.119870E-02
   5    2    1.281777E-04
   5    3    1.239965E-04
   5    4    1.274449E-04
   5    5    1.235308E-04
   5    6    1.165186E-04
   5    7    1.184682E-04
   5    8    3.110649E-02
   5    9    0.000000E+00

   6    0    0.000000E+00
   6    1    3.106157E-02
   6    2    1.319104E-04
   6    3    1.261642E-04
   6    4    1.293832E-04
   6    5    1.252298E-04
   6    6    1.176709E-04
   6    7    1.203212E-04
   6    8    3.107607E-02
   6    9    0.000000E+00

   7    0    0.000000E+00
   7    1    3.111032E-02
   7    2    1.293931E-04
   7    3    1.258555E-04
   7    4    1.262354E-04
   7    5    1.252821E-04
   7    6    1.204123E-04
   7    7    1.206370E-04
   7    8    3.111593E-02
   7    9    0.000000E+00

   8    0    0.000000E+00
   8    1    6.202025E-02
   8    2    3.114407E-02
   8    3    3.110767E-02
   8    4    3.103495E-02
   8    5    3.108099E-02
   8    6    3.114748E-02
   8    7    3.110583E-02
   8    8    6.220041E-02
   8    9    0.000000E+00

   9    0    0.000000E+00
   9    1    0.000000E+00
   9    2    0.000000E+00
   9    3    0.000000E+00
   9    4    0.000000E+00
   9    5    0.000000E+00
   9    6    0.000000E+00
   9    7    0.000000E+00
   9    8    0.000000E+00
   9    9    0.000000E+00

