# TCRW Fig 3(a)  P_edge/P_bulk vs D_r  (ω = 1, OBC)
# T_floor =    100000000   N_burn_floor =     10000000
# T_use = max(T_floor,  100.0*L^2/D_r);    N_burn_use = max(N_burn_floor,   10.0*L^2/D_r)
# seed    = 20260419
# columns:  L   D_r   ratio   P_edge_norm   P_bulk_norm   n_edge   n_bulk
  4   1.00000E-04   3.13602E+03   6.24888E-02   1.99261E-05       16          9
  4   1.46780E-04   2.28185E+03   6.24846E-02   2.73833E-05       16          9
  4   2.15443E-04   2.06566E+03   6.24830E-02   3.02484E-05       16          9
  4   3.16228E-04   8.59942E+02   6.24591E-02   7.26318E-05       16          9
  4   4.64159E-04   7.50203E+02   6.24532E-02   8.32483E-05       16          9
  4   6.81292E-04   6.74555E+02   6.24479E-02   9.25765E-05       16          9
  4   1.00000E-03   3.18393E+02   6.23898E-02   1.95952E-04       16          9
  4   1.46780E-03   2.22445E+02   6.23424E-02   2.80260E-04       16          9
  4   2.15443E-03   1.76022E+02   6.23009E-02   3.53939E-04       16          9
  4   3.16228E-03   1.02655E+02   6.21594E-02   6.05520E-04       16          9
  4   4.64159E-03   6.44522E+01   6.19593E-02   9.61321E-04       16          9
  4   6.81292E-03   4.72816E+01   6.17652E-02   1.30633E-03       16          9
  4   1.00000E-02   3.34431E+01   6.14662E-02   1.83793E-03       16          9
  4   1.46780E-02   2.22360E+01   6.09580E-02   2.74141E-03       16          9
  4   2.15443E-02   1.51483E+01   6.02623E-02   3.97815E-03       16          9
  4   3.16228E-02   1.05805E+01   5.93450E-02   5.60892E-03       16          9
  4   4.64159E-02   7.44751E+00   5.81110E-02   7.80274E-03       16          9
  4   6.81292E-02   5.27586E+00   5.64784E-02   1.07051E-02       16          9
  4   1.00000E-01   3.80220E+00   5.44453E-02   1.43194E-02       16          9
  4   1.46780E-01   2.81324E+00   5.20856E-02   1.85145E-02       16          9
  4   2.15443E-01   2.13670E+00   4.94753E-02   2.31550E-02       16          9
  4   3.16228E-01   1.67510E+00   4.67884E-02   2.79317E-02       16          9
  4   4.64159E-01   1.36265E+00   4.42385E-02   3.24649E-02       16          9
  4   6.81292E-01   1.14627E+00   4.19260E-02   3.65761E-02       16          9
  4   1.00000E+00   0.00000E+00   0.00000E+00   1.11111E-01       16          9
  9   1.00000E-04   1.64319E+03   2.77478E-02   1.68865E-05       36         64
  9   1.46780E-04   1.80280E+03   2.77504E-02   1.53929E-05       36         64
  9   2.15443E-04   1.07167E+03   2.77318E-02   2.58771E-05       36         64
  9   3.16228E-04   8.94320E+02   2.77227E-02   3.09986E-05       36         64
  9   4.64159E-04   5.13233E+02   2.76819E-02   5.39363E-05       36         64
  9   6.81292E-04   2.40466E+02   2.75739E-02   1.14669E-04       36         64
  9   1.00000E-03   2.12027E+02   2.75468E-02   1.29921E-04       36         64
  9   1.46780E-03   2.39435E+02   2.75731E-02   1.15159E-04       36         64
  9   2.15443E-03   1.20827E+02   2.73750E-02   2.26564E-04       36         64
  9   3.16228E-03   8.47582E+01   2.72071E-02   3.20997E-04       36         64
  9   4.64159E-03   6.52337E+01   2.70408E-02   4.14523E-04       36         64
  9   6.81292E-03   4.20918E+01   2.66521E-02   6.33190E-04       36         64
  9   1.00000E-02   2.73026E+01   2.60796E-02   9.55207E-04       36         64
  9   1.46780E-02   1.91739E+01   2.54208E-02   1.32580E-03       36         64
  9   2.15443E-02   1.35617E+01   2.45585E-02   1.81087E-03       36         64
  9   3.16228E-02   9.60493E+00   2.34394E-02   2.44035E-03       36         64
  9   4.64159E-02   6.70568E+00   2.19567E-02   3.27435E-03       36         64
  9   6.81292E-02   4.82034E+00   2.02934E-02   4.20996E-03       36         64
  9   1.00000E-01   3.49574E+00   1.84135E-02   5.26741E-03       36         64
  9   1.46780E-01   2.60917E+00   1.65210E-02   6.33192E-03       36         64
  9   2.15443E-01   2.01242E+00   1.47487E-02   7.32885E-03       36         64
  9   3.16228E-01   1.60137E+00   1.31638E-02   8.22036E-03       36         64
  9   4.64159E-01   1.32027E+00   1.18378E-02   8.96621E-03       36         64
  9   6.81292E-01   1.13167E+00   1.08045E-02   9.54744E-03       36         64
  9   1.00000E+00   1.79769+308   2.77778E-02   0.00000E+00       36         64
 19   1.00000E-04   2.57015E+03   1.31361E-02   5.11103E-06       76        324
 19   1.46780E-04   2.23872E+03   1.31329E-02   5.86625E-06       76        324
 19   2.15443E-04   1.54248E+03   1.31216E-02   8.50684E-06       76        324
 19   3.16228E-04   6.77500E+02   1.30756E-02   1.92998E-05       76        324
 19   4.64159E-04   5.00678E+02   1.30468E-02   2.60583E-05       76        324
 19   6.81292E-04   3.55747E+02   1.30021E-02   3.65487E-05       76        324
 19   1.00000E-03   3.85708E+02   1.30141E-02   3.37407E-05       76        324
 19   1.46780E-03   2.28589E+02   1.29170E-02   5.65075E-05       76        324
 19   2.15443E-03   1.06041E+02   1.26494E-02   1.19288E-04       76        324
 19   3.16228E-03   7.00697E+01   1.24033E-02   1.77013E-04       76        324
 19   4.64159E-03   5.33046E+01   1.21835E-02   2.28563E-04       76        324
 19   6.81292E-03   3.92661E+01   1.18692E-02   3.02277E-04       76        324
 19   1.00000E-02   2.76119E+01   1.13981E-02   4.12796E-04       76        324
 19   1.46780E-02   1.85341E+01   1.06973E-02   5.77169E-04       76        324
 19   2.15443E-02   1.28930E+01   9.88826E-03   7.66951E-04       76        324
 19   3.16228E-02   9.06543E+00   8.94933E-03   9.87193E-04       76        324
 19   4.64159E-02   6.50774E+00   7.94995E-03   1.22162E-03       76        324
 19   6.81292E-02   4.58219E+00   6.81624E-03   1.48755E-03       76        324
 19   1.00000E-01   3.35225E+00   5.79202E-03   1.72780E-03       76        324
 19   1.46780E-01   2.53225E+00   4.90318E-03   1.93629E-03       76        324
 19   2.15443E-01   1.95568E+00   4.13785E-03   2.11581E-03       76        324
 19   3.16228E-01   1.57332E+00   3.54694E-03   2.25442E-03       76        324
 19   4.64159E-01   1.30080E+00   3.07619E-03   2.36484E-03       76        324
 19   6.81292E-01   1.12569E+00   2.74859E-03   2.44169E-03       76        324
 19   1.00000E+00   1.79769+308   1.31579E-02   0.00000E+00       76        324
 49   1.00000E-04   3.05357E+03   5.08248E-03   1.66444E-06      196       2304
 49   1.46780E-04   1.90092E+03   5.07068E-03   2.66749E-06      196       2304
 49   2.15443E-04   9.28792E+02   5.03827E-03   5.42455E-06      196       2304
 49   3.16228E-04   1.10335E+03   5.04826E-03   4.57540E-06      196       2304
 49   4.64159E-04   3.78832E+02   4.94849E-03   1.30625E-05      196       2304
 49   6.81292E-04   3.42068E+02   4.93254E-03   1.44197E-05      196       2304
 49   1.00000E-03   2.05298E+02   4.82573E-03   2.35059E-05      196       2304
 49   1.46780E-03   1.71707E+02   4.77513E-03   2.78097E-05      196       2304
 49   2.15443E-03   9.79044E+01   4.55512E-03   4.65262E-05      196       2304
 49   3.16228E-03   8.15636E+01   4.45935E-03   5.46733E-05      196       2304
 49   4.64159E-03   6.36343E+01   4.30650E-03   6.76758E-05      196       2304
 49   6.81292E-03   3.93320E+01   3.92806E-03   9.98695E-05      196       2304
 49   1.00000E-02   2.57799E+01   3.50420E-03   1.35927E-04      196       2304
 49   1.46780E-02   1.79477E+01   3.08287E-03   1.71770E-04      196       2304
 49   2.15443E-02   1.24083E+01   2.61998E-03   2.11147E-04      196       2304
 49   3.16228E-02   8.84769E+00   2.19103E-03   2.47638E-04      196       2304
 49   4.64159E-02   6.29968E+00   1.78020E-03   2.82587E-04      196       2304
 49   6.81292E-02   4.44028E+00   1.39882E-03   3.15031E-04      196       2304
 49   1.00000E-01   3.32078E+00   1.12383E-03   3.38424E-04      196       2304
 49   1.46780E-01   2.48304E+00   8.89762E-04   3.58336E-04      196       2304
 49   2.15443E-01   1.92339E+00   7.17420E-04   3.72997E-04      196       2304
 49   3.16228E-01   1.57249E+00   6.01977E-04   3.82818E-04      196       2304
 49   4.64159E-01   1.29615E+00   5.06695E-04   3.90924E-04      196       2304
 49   6.81292E-01   1.12881E+00   4.47009E-04   3.96001E-04      196       2304
 49   1.00000E+00   0.00000E+00   0.00000E+00   4.34028E-04      196       2304
