# x  y  P
0 0 1.5265073145135508e-04
1 1.73205080757 1.6158162573196114e-04
2 3.46410161514 1.8889940336696526e-04
3 5.19615242271 2.3607058469127929e-04
4 6.92820323028 3.0516925436905267e-04
5 8.66025403784 3.9830765940017713e-04
6 10.3923048454 5.1684900246506884e-04
7 12.124355653 6.6048270076779784e-04
8 13.8564064606 8.2632257868280642e-04
9 15.5884572681 1.0082533763543140e-03
10 17.3205080757 1.1967637126752647e-03
11 19.0525588833 1.3794403277036405e-03
12 20.7846096908 1.5421618509202529e-03
13 22.5166604984 1.6708532066940780e-03
14 24.248711306 1.7534967353548783e-03
-14 -24.248711306 1.7534967353548792e-03
-13 -22.5166604984 1.6708532066940787e-03
-12 -20.7846096908 1.5421618509202538e-03
-11 -19.0525588833 1.3794403277036427e-03
-10 -17.3205080757 1.1967637126752628e-03
-9 -15.5884572681 1.0082533763543123e-03
-8 -13.8564064606 8.2632257868280935e-04
-7 -12.124355653 6.6048270076780218e-04
-6 -10.3923048454 5.1684900246507523e-04
-5 -8.66025403784 3.9830765940017431e-04
-4 -6.92820323028 3.0516925436905131e-04
-3 -5.19615242271 2.3607058469127948e-04
-2 -3.46410161514 1.8889940336696580e-04
-1 -1.73205080757 1.6158162573196209e-04
2 0 1.6158162573196071e-04
3 1.73205080757 1.7969889108581484e-04
4 3.46410161514 2.1688925653715811e-04
5 5.19615242271 2.7485465425990883e-04
6 6.92820323028 3.5561160561143593e-04
7 8.66025403784 4.6083619076093993e-04
8 10.3923048454 5.9102808664140798e-04
9 12.124355653 7.4460850049604956e-04
10 13.8564064606 9.1714210130753671e-04
11 15.5884572681 1.1009156013058110e-03
12 17.3205080757 1.2850836402553004e-03
13 19.0525588833 1.4564941943648647e-03
14 20.7846096908 1.6011481116510007e-03
15 22.5166604984 1.7060738065560056e-03
16 24.248711306 1.7612630654486189e-03
-12 -24.248711306 1.7060738065560060e-03
-11 -22.5166604984 1.6011481116510037e-03
-10 -20.7846096908 1.4564941943648641e-03
-9 -19.0525588833 1.2850836402552987e-03
-8 -17.3205080757 1.1009156013058095e-03
-7 -15.5884572681 9.1714210130753562e-04
-6 -13.8564064606 7.4460850049605097e-04
-5 -12.124355653 5.9102808664141416e-04
-4 -10.3923048454 4.6083619076094643e-04
-3 -8.66025403784 3.5561160561143528e-04
-2 -6.92820323028 2.7485465425990883e-04
-1 -5.19615242271 2.1688925653715746e-04
0 -3.46410161514 1.7969889108581432e-04
1 -1.73205080757 1.6158162573196215e-04
4 0 1.8889940336696545e-04
5 1.73205080757 2.1688925653715887e-04
6 3.46410161514 2.6474445602620803e-04
7 5.19615242271 3.3395431197269537e-04
8 6.92820323028 4.2594962588480780e-04
9 8.66025403784 5.4144430826647688e-04
10 10.3923048454 6.7965502759443578e-04
11 12.124355653 8.3753443964644655e-04
12 13.8564064606 1.0092132070683524e-03
13 15.5884572681 1.1858612841947425e-03
14 17.3205080757 1.3561270171699356e-03
15 19.0525588833 1.5071939880193423e-03
16 20.7846096908 1.6263379733738050e-03
17 22.5166604984 1.7027168825038963e-03
18 24.248711306 1.7290344123983108e-03
-10 -24.248711306 1.6263379733738057e-03
-9 -22.5166604984 1.5071939880193436e-03
-8 -20.7846096908 1.3561270171699351e-03
-7 -19.0525588833 1.1858612841947410e-03
-6 -17.3205080757 1.0092132070683535e-03
-5 -15.5884572681 8.3753443964644904e-04
-4 -13.8564064606 6.7965502759443957e-04
-3 -12.124355653 5.4144430826648046e-04
-2 -10.3923048454 4.2594962588481464e-04
-1 -8.66025403784 3.3395431197269537e-04
0 -6.92820323028 2.6474445602620505e-04
1 -5.19615242271 2.1688925653715730e-04
2 -3.46410161514 1.8889940336696504e-04
3 -1.73205080757 1.7969889108581543e-04
6 0 2.3607058469127937e-04
7 1.73205080757 2.7485465425990932e-04
8 3.46410161514 3.3395431197269596e-04
9 5.19615242271 4.1410044841242160e-04
10 6.92820323028 5.1561511743102744e-04
11 8.66025403784 6.3785104495881612e-04
12 10.3923048454 7.7857127640041811e-04
13 12.124355653 9.3340332901044212e-04
14 13.8564064606 1.0955422063995469e-03
15 15.5884572681 1.2558690180608833e-03
16 17.3205080757 1.4035833977140068e-03
17 19.0525588833 1.5273280840353827e-03
18 20.7846096908 1.6166453486646055e-03
19 22.5166604984 1.6634919501402261e-03
20 24.248711306 1.6634919501402274e-03
-8 -24.248711306 1.5273280840353838e-03
-7 -22.5166604984 1.4035833977140068e-03
-6 -20.7846096908 1.2558690180608809e-03
-5 -19.0525588833 1.0955422063995506e-03
-4 -17.3205080757 9.3340332901044266e-04
-3 -15.5884572681 7.7857127640042136e-04
-2 -13.8564064606 6.3785104495881894e-04
-1 -12.124355653 5.1561511743103037e-04
0 -10.3923048454 4.1410044841242783e-04
1 -8.66025403784 3.3395431197269238e-04
2 -6.92820323028 2.7485465425990824e-04
3 -5.19615242271 2.3607058469127953e-04
4 -3.46410161514 2.1688925653715792e-04
5 -1.73205080757 2.1688925653716060e-04
8 0 3.0516925436905305e-04
9 1.73205080757 3.5561160561143755e-04
10 3.46410161514 4.2594962588480916e-04
11 5.19615242271 5.1561511743102549e-04
12 6.92820323028 6.2342395511748500e-04
13 8.66025403784 7.4721306814484138e-04
14 10.3923048454 8.8345671597274183e-04
15 12.124355653 1.0269721864104564e-03
16 13.8564064606 1.1708502620255737e-03
17 15.5884572681 1.3067278181067995e-03
18 17.3205080757 1.4254518890571622e-03
19 19.0525588833 1.5180802172252575e-03
20 20.7846096908 1.5770544785003253e-03
21 22.5166604984 1.5973074835010498e-03
22 24.248711306 1.5770544785003262e-03
-6 -24.248711306 1.4254518890571622e-03
-5 -22.5166604984 1.3067278181068006e-03
-4 -20.7846096908 1.1708502620255757e-03
-3 -19.0525588833 1.0269721864104582e-03
-2 -17.3205080757 8.8345671597274454e-04
-1 -15.5884572681 7.4721306814484138e-04
0 -13.8564064606 6.2342395511748620e-04
1 -12.124355653 5.1561511743102961e-04
2 -10.3923048454 4.2594962588481263e-04
3 -8.66025403784 3.5561160561143490e-04
4 -6.92820323028 3.0516925436905120e-04
5 -5.19615242271 2.7485465425990981e-04
6 -3.46410161514 2.6474445602620863e-04
7 -1.73205080757 2.7485465425990992e-04
10 0 3.9830765940017751e-04
11 1.73205080757 4.6083619076094014e-04
12 3.46410161514 5.4144430826647450e-04
13 5.19615242271 6.3785104495881666e-04
14 6.92820323028 7.4721306814483921e-04
15 8.66025403784 8.6602952026732199e-04
16 10.3923048454 9.9001609741713624e-04
17 12.124355653 1.1140191860113105e-03
18 13.8564064606 1.2320639895626567e-03
19 15.5884572681 1.3376182213985898e-03
20 17.3205080757 1.4241000814888727e-03
21 19.0525588833 1.4855793103101768e-03
22 20.7846096908 1.5175416064827536e-03
23 22.5166604984 1.5175416064827534e-03
24 24.248711306 1.4855793103101778e-03
-4 -24.248711306 1.3376182213985905e-03
-3 -22.5166604984 1.2320639895626571e-03
-2 -20.7846096908 1.1140191860113124e-03
-1 -19.0525588833 9.9001609741713775e-04
0 -17.3205080757 8.6602952026731961e-04
1 -15.5884572681 7.4721306814483964e-04
2 -13.8564064606 6.3785104495881731e-04
3 -12.124355653 5.4144430826647775e-04
4 -10.3923048454 4.6083619076094508e-04
5 -8.66025403784 3.9830765940017653e-04
6 -6.92820323028 3.5561160561143636e-04
7 -5.19615242271 3.3395431197269607e-04
8 -3.46410161514 3.3395431197269537e-04
9 -1.73205080757 3.5561160561143452e-04
12 0 5.1684900246506895e-04
13 1.73205080757 5.9102808664140993e-04
14 3.46410161514 6.7965502759443621e-04
15 5.19615242271 7.7857127640042060e-04
16 6.92820323028 8.8345671597274335e-04
17 8.66025403784 9.9001609741713580e-04
18 10.3923048454 1.0940582214305954e-03
19 12.124355653 1.1915001862018390e-03
20 13.8564064606 1.2783658084374087e-03
21 15.5884572681 1.3508536734907774e-03
22 17.3205080757 1.4055191614444158e-03
23 19.0525588833 1.4395577605904701e-03
24 20.7846096908 1.4511198649594665e-03
25 22.5166604984 1.4395577605904697e-03
26 24.248711306 1.4055191614444152e-03
-2 -24.248711306 1.2783658084374091e-03
-1 -22.5166604984 1.1915001862018407e-03
0 -20.7846096908 1.0940582214305926e-03
1 -19.0525588833 9.9001609741713580e-04
2 -17.3205080757 8.8345671597274216e-04
3 -15.5884572681 7.7857127640041908e-04
4 -13.8564064606 6.7965502759443762e-04
5 -12.124355653 5.9102808664141275e-04
6 -10.3923048454 5.1684900246507469e-04
7 -8.66025403784 4.6083619076093949e-04
8 -6.92820323028 4.2594962588480623e-04
9 -5.19615242271 4.1410044841242111e-04
10 -3.46410161514 4.2594962588480846e-04
11 -1.73205080757 4.6083619076094063e-04
14 0 6.6048270076779774e-04
15 1.73205080757 7.4460850049605086e-04
16 3.46410161514 8.3753443964644796e-04
17 5.19615242271 9.3340332901044071e-04
18 6.92820323028 1.0269721864104579e-03
19 8.66025403784 1.1140191860113109e-03
20 10.3923048454 1.1915001862018398e-03
21 12.124355653 1.2574685269208959e-03
22 13.8564064606 1.3108346420775420e-03
23 15.5884572681 1.3510716290031268e-03
24 17.3205080757 1.3779595893317345e-03
25 19.0525588833 1.3914169060602838e-03
26 20.7846096908 1.3914169060602840e-03
27 22.5166604984 1.3779595893317338e-03
28 24.248711306 1.3510716290031273e-03
0 -24.248711306 1.2574685269208991e-03
1 -22.5166604984 1.1915001862018426e-03
2 -20.7846096908 1.1140191860113098e-03
3 -19.0525588833 1.0269721864104558e-03
4 -17.3205080757 9.3340332901044071e-04
5 -15.5884572681 8.3753443964644579e-04
6 -13.8564064606 7.4460850049605119e-04
7 -12.124355653 6.6048270076780110e-04
8 -10.3923048454 5.9102808664141361e-04
9 -8.66025403784 5.4144430826647417e-04
10 -6.92820323028 5.1561511743102636e-04
11 -5.19615242271 5.1561511743102538e-04
12 -3.46410161514 5.4144430826647374e-04
13 -1.73205080757 5.9102808664140548e-04
16 0 8.2632257868280642e-04
17 1.73205080757 9.1714210130753530e-04
18 3.46410161514 1.0092132070683539e-03
19 5.19615242271 1.0955422063995469e-03
20 6.92820323028 1.1708502620255740e-03
21 8.66025403784 1.2320639895626573e-03
22 10.3923048454 1.2783658084374097e-03
23 12.124355653 1.3108346420775418e-03
24 13.8564064606 1.3317997435725671e-03
25 15.5884572681 1.3440767938565042e-03
26 17.3205080757 1.3502469762609643e-03
27 19.0525588833 1.3520926050843978e-03
28 20.7846096908 1.3502469762609651e-03
2 -24.248711306 1.2783658084374106e-03
3 -22.5166604984 1.2320639895626595e-03
4 -20.7846096908 1.1708502620255731e-03
5 -19.0525588833 1.0955422063995499e-03
6 -17.3205080757 1.0092132070683535e-03
7 -15.5884572681 9.1714210130753541e-04
8 -13.8564064606 8.2632257868280772e-04
9 -12.124355653 7.4460850049605195e-04
10 -10.3923048454 6.7965502759444088e-04
11 -8.66025403784 6.3785104495881493e-04
12 -6.92820323028 6.2342395511748251e-04
13 -5.19615242271 6.3785104495881428e-04
14 -3.46410161514 6.7965502759443209e-04
15 -1.73205080757 7.4460850049604382e-04
18 0 1.0082533763543147e-03
19 1.73205080757 1.1009156013058125e-03
20 3.46410161514 1.1858612841947425e-03
21 5.19615242271 1.2558690180608815e-03
22 6.92820323028 1.3067278181067997e-03
23 8.66025403784 1.3376182213985894e-03
24 10.3923048454 1.3508536734907753e-03
25 12.124355653 1.3510716290031288e-03
26 13.8564064606 1.3440767938565055e-03
27 15.5884572681 1.3355863252598216e-03
28 17.3205080757 1.3301063821680155e-03
-28 24.248711306 1.3510716290031301e-03
4 -24.248711306 1.3376182213985922e-03
5 -22.5166604984 1.3067278181068001e-03
6 -20.7846096908 1.2558690180608830e-03
7 -19.0525588833 1.1858612841947438e-03
8 -17.3205080757 1.1009156013058084e-03
9 -15.5884572681 1.0082533763543127e-03
10 -13.8564064606 9.1714210130753855e-04
11 -12.124355653 8.3753443964645099e-04
12 -10.3923048454 7.7857127640042342e-04
13 -8.66025403784 7.4721306814483682e-04
14 -6.92820323028 7.4721306814483606e-04
15 -5.19615242271 7.7857127640041366e-04
16 -3.46410161514 8.3753443964644080e-04
17 -1.73205080757 9.1714210130752728e-04
20 0 1.1967637126752604e-03
21 1.73205080757 1.2850836402553041e-03
22 3.46410161514 1.3561270171699327e-03
23 5.19615242271 1.4035833977140038e-03
24 6.92820323028 1.4254518890571600e-03
25 8.66025403784 1.4241000814888725e-03
26 10.3923048454 1.4055191614444152e-03
27 12.124355653 1.3779595893317355e-03
28 13.8564064606 1.3502469762609658e-03
-28 20.7846096908 1.3502469762609656e-03
-27 22.5166604984 1.3779595893317360e-03
-26 24.248711306 1.4055191614444169e-03
6 -24.248711306 1.4254518890571633e-03
7 -22.5166604984 1.4035833977140092e-03
8 -20.7846096908 1.3561270171699366e-03
9 -19.0525588833 1.2850836402553013e-03
10 -17.3205080757 1.1967637126752647e-03
11 -15.5884572681 1.1009156013058103e-03
12 -13.8564064606 1.0092132070683546e-03
13 -12.124355653 9.3340332901044440e-04
14 -10.3923048454 8.8345671597274379e-04
15 -8.66025403784 8.6602952026731603e-04
16 -6.92820323028 8.8345671597273663e-04
17 -5.19615242271 9.3340332901043323e-04
18 -3.46410161514 1.0092132070683439e-03
19 -1.73205080757 1.1009156013058166e-03
22 0 1.3794403277036405e-03
23 1.73205080757 1.4564941943648649e-03
24 3.46410161514 1.5071939880193406e-03
25 5.19615242271 1.5273280840353821e-03
26 6.92820323028 1.5180802172252564e-03
27 8.66025403784 1.4855793103101761e-03
28 10.3923048454 1.4395577605904703e-03
-28 17.3205080757 1.3301063821680166e-03
-27 19.0525588833 1.3520926050843980e-03
-26 20.7846096908 1.3914169060602847e-03
-25 22.5166604984 1.4395577605904679e-03
-24 24.248711306 1.4855793103101759e-03
8 -24.248711306 1.5273280840353840e-03
9 -22.5166604984 1.5071939880193425e-03
10 -20.7846096908 1.4564941943648645e-03
11 -19.0525588833 1.3794403277036422e-03
12 -17.3205080757 1.2850836402553002e-03
13 -15.5884572681 1.1858612841947425e-03
14 -13.8564064606 1.0955422063995478e-03
15 -12.124355653 1.0269721864104560e-03
16 -10.3923048454 9.9001609741713580e-04
17 -8.66025403784 9.9001609741712843e-04
18 -6.92820323028 1.0269721864104486e-03
19 -5.19615242271 1.0955422063995523e-03
20 -3.46410161514 1.1858612841947464e-03
21 -1.73205080757 1.2850836402553045e-03
24 0 1.5421618509202520e-03
25 1.73205080757 1.6011481116510039e-03
26 3.46410161514 1.6263379733738044e-03
27 5.19615242271 1.6166453486646036e-03
28 6.92820323028 1.5770544785003227e-03
-28 13.8564064606 1.3502469762609627e-03
-27 15.5884572681 1.3355863252598227e-03
-26 17.3205080757 1.3502469762609653e-03
-25 19.0525588833 1.3914169060602864e-03
-24 20.7846096908 1.4511198649594693e-03
-23 22.5166604984 1.5175416064827521e-03
-22 24.248711306 1.5770544785003240e-03
10 -24.248711306 1.6263379733738050e-03
11 -22.5166604984 1.6011481116510031e-03
12 -20.7846096908 1.5421618509202544e-03
13 -19.0525588833 1.4564941943648658e-03
14 -17.3205080757 1.3561270171699356e-03
15 -15.5884572681 1.2558690180608813e-03
16 -13.8564064606 1.1708502620255737e-03
17 -12.124355653 1.1140191860113107e-03
18 -10.3923048454 1.0940582214305928e-03
19 -8.66025403784 1.1140191860113155e-03
20 -6.92820323028 1.1708502620255748e-03
21 -5.19615242271 1.2558690180608833e-03
22 -3.46410161514 1.3561270171699360e-03
23 -1.73205080757 1.4564941943648678e-03
26 0 1.6708532066940769e-03
27 1.73205080757 1.7060738065560058e-03
28 3.46410161514 1.7027168825038952e-03
-28 10.3923048454 1.4395577605904705e-03
-27 12.124355653 1.3779595893317353e-03
-26 13.8564064606 1.3440767938565031e-03
-25 15.5884572681 1.3440767938565057e-03
-24 17.3205080757 1.3779595893317373e-03
-23 19.0525588833 1.4395577605904736e-03
-22 20.7846096908 1.5175416064827564e-03
-21 22.5166604984 1.5973074835010476e-03
-20 24.248711306 1.6634919501402269e-03
12 -24.248711306 1.7060738065560060e-03
13 -22.5166604984 1.6708532066940787e-03
14 -20.7846096908 1.6011481116510007e-03
15 -19.0525588833 1.5071939880193412e-03
16 -17.3205080757 1.4035833977140053e-03
17 -15.5884572681 1.3067278181067964e-03
18 -13.8564064606 1.2320639895626543e-03
19 -12.124355653 1.1915001862018420e-03
20 -10.3923048454 1.1915001862018418e-03
21 -8.66025403784 1.2320639895626584e-03
22 -6.92820323028 1.3067278181068014e-03
23 -5.19615242271 1.4035833977140049e-03
24 -3.46410161514 1.5071939880193412e-03
25 -1.73205080757 1.6011481116510022e-03
28 0 1.7534967353548773e-03
-28 6.92820323028 1.5770544785003238e-03
-27 8.66025403784 1.4855793103101763e-03
-26 10.3923048454 1.4055191614444154e-03
-25 12.124355653 1.3510716290031279e-03
-24 13.8564064606 1.3317997435725692e-03
-23 15.5884572681 1.3510716290031299e-03
-22 17.3205080757 1.4055191614444180e-03
-21 19.0525588833 1.4855793103101787e-03
-20 20.7846096908 1.5770544785003247e-03
-19 22.5166604984 1.6634919501402274e-03
-18 24.248711306 1.7290344123983119e-03
14 -24.248711306 1.7534967353548788e-03
15 -22.5166604984 1.7060738065560056e-03
16 -20.7846096908 1.6263379733738037e-03
17 -19.0525588833 1.5273280840353814e-03
18 -17.3205080757 1.4254518890571585e-03
19 -15.5884572681 1.3376182213985907e-03
20 -13.8564064606 1.2783658084374087e-03
21 -12.124355653 1.2574685269208978e-03
22 -10.3923048454 1.2783658084374106e-03
23 -8.66025403784 1.3376182213985916e-03
24 -6.92820323028 1.4254518890571607e-03
25 -5.19615242271 1.5273280840353825e-03
26 -3.46410161514 1.6263379733738026e-03
27 -1.73205080757 1.7060738065560049e-03
-28 3.46410161514 1.7027168825038959e-03
-27 5.19615242271 1.6166453486646058e-03
-26 6.92820323028 1.5180802172252584e-03
-25 8.66025403784 1.4241000814888703e-03
-24 10.3923048454 1.3508536734907770e-03
-23 12.124355653 1.3108346420775418e-03
-22 13.8564064606 1.3108346420775440e-03
-21 15.5884572681 1.3508536734907802e-03
-20 17.3205080757 1.4241000814888714e-03
-19 19.0525588833 1.5180802172252575e-03
-18 20.7846096908 1.6166453486646071e-03
-17 22.5166604984 1.7027168825038963e-03
-16 24.248711306 1.7612630654486193e-03
16 -24.248711306 1.7612630654486199e-03
17 -22.5166604984 1.7027168825038961e-03
18 -20.7846096908 1.6166453486646047e-03
19 -19.0525588833 1.5180802172252593e-03
20 -17.3205080757 1.4241000814888723e-03
21 -15.5884572681 1.3508536734907770e-03
22 -13.8564064606 1.3108346420775418e-03
23 -12.124355653 1.3108346420775423e-03
24 -10.3923048454 1.3508536734907770e-03
25 -8.66025403784 1.4241000814888714e-03
26 -6.92820323028 1.5180802172252564e-03
27 -5.19615242271 1.6166453486646032e-03
28 -3.46410161514 1.7027168825038943e-03
-28 0 1.7534967353548781e-03
-27 1.73205080757 1.7060738065560065e-03
-26 3.46410161514 1.6263379733738067e-03
-25 5.19615242271 1.5273280840353803e-03
-24 6.92820323028 1.4254518890571605e-03
-23 8.66025403784 1.3376182213985898e-03
-22 10.3923048454 1.2783658084374108e-03
-21 12.124355653 1.2574685269208968e-03
-20 13.8564064606 1.2783658084374054e-03
-19 15.5884572681 1.3376182213985901e-03
-18 17.3205080757 1.4254518890571628e-03
-17 19.0525588833 1.5273280840353825e-03
-16 20.7846096908 1.6263379733738050e-03
-15 22.5166604984 1.7060738065560058e-03
-14 24.248711306 1.7534967353548786e-03
18 -24.248711306 1.7290344123983114e-03
19 -22.5166604984 1.6634919501402254e-03
20 -20.7846096908 1.5770544785003253e-03
21 -19.0525588833 1.4855793103101789e-03
22 -17.3205080757 1.4055191614444143e-03
23 -15.5884572681 1.3510716290031253e-03
24 -13.8564064606 1.3317997435725675e-03
25 -12.124355653 1.3510716290031281e-03
26 -10.3923048454 1.4055191614444141e-03
27 -8.66025403784 1.4855793103101776e-03
28 -6.92820323028 1.5770544785003238e-03
-26 0 1.6708532066940791e-03
-25 1.73205080757 1.6011481116510028e-03
-24 3.46410161514 1.5071939880193421e-03
-23 5.19615242271 1.4035833977140049e-03
-22 6.92820323028 1.3067278181068008e-03
-21 8.66025403784 1.2320639895626582e-03
-20 10.3923048454 1.1915001862018405e-03
-19 12.124355653 1.1915001862018377e-03
-18 13.8564064606 1.2320639895626556e-03
-17 15.5884572681 1.3067278181067999e-03
-16 17.3205080757 1.4035833977140083e-03
-15 19.0525588833 1.5071939880193419e-03
-14 20.7846096908 1.6011481116510024e-03
-13 22.5166604984 1.6708532066940782e-03
-12 24.248711306 1.7060738065560032e-03
20 -24.248711306 1.6634919501402241e-03
21 -22.5166604984 1.5973074835010476e-03
22 -20.7846096908 1.5175416064827545e-03
23 -19.0525588833 1.4395577605904705e-03
24 -17.3205080757 1.3779595893317342e-03
25 -15.5884572681 1.3440767938565014e-03
26 -13.8564064606 1.3440767938565025e-03
27 -12.124355653 1.3779595893317345e-03
28 -10.3923048454 1.4395577605904697e-03
-28 -3.46410161514 1.7027168825038957e-03
-27 -1.73205080757 1.7060738065560095e-03
-24 0 1.5421618509202535e-03
-23 1.73205080757 1.4564941943648671e-03
-22 3.46410161514 1.3561270171699369e-03
-21 5.19615242271 1.2558690180608833e-03
-20 6.92820323028 1.1708502620255746e-03
-19 8.66025403784 1.1140191860113137e-03
-18 10.3923048454 1.0940582214305978e-03
-17 12.124355653 1.1140191860113100e-03
-16 13.8564064606 1.1708502620255757e-03
-15 15.5884572681 1.2558690180608839e-03
-14 17.3205080757 1.3561270171699388e-03
-13 19.0525588833 1.4564941943648660e-03
-12 20.7846096908 1.5421618509202540e-03
-11 22.5166604984 1.6011481116510022e-03
-10 24.248711306 1.6263379733738022e-03
22 -24.248711306 1.5770544785003230e-03
23 -22.5166604984 1.5175416064827486e-03
24 -20.7846096908 1.4511198649594674e-03
25 -19.0525588833 1.3914169060602838e-03
26 -17.3205080757 1.3502469762609634e-03
27 -15.5884572681 1.3355863252598194e-03
28 -13.8564064606 1.3502469762609619e-03
-28 -6.92820323028 1.5770544785003253e-03
-27 -5.19615242271 1.6166453486646064e-03
-26 -3.46410161514 1.6263379733738080e-03
-25 -1.73205080757 1.6011481116510065e-03
-22 0 1.3794403277036437e-03
-21 1.73205080757 1.2850836402553058e-03
-20 3.46410161514 1.1858612841947423e-03
-19 5.19615242271 1.0955422063995471e-03
-18 6.92820323028 1.0269721864104597e-03
-17 8.66025403784 9.9001609741714057e-04
-16 10.3923048454 9.9001609741713906e-04
-15 12.124355653 1.0269721864104569e-03
-14 13.8564064606 1.0955422063995499e-03
-13 15.5884572681 1.1858612841947449e-03
-12 17.3205080757 1.2850836402553032e-03
-11 19.0525588833 1.3794403277036411e-03
-10 20.7846096908 1.4564941943648636e-03
-9 22.5166604984 1.5071939880193430e-03
-8 24.248711306 1.5273280840353805e-03
24 -24.248711306 1.4855793103101755e-03
25 -22.5166604984 1.4395577605904664e-03
26 -20.7846096908 1.3914169060602853e-03
27 -19.0525588833 1.3520926050843971e-03
28 -17.3205080757 1.3301063821680142e-03
-28 -10.3923048454 1.4395577605904734e-03
-27 -8.66025403784 1.4855793103101763e-03
-26 -6.92820323028 1.5180802172252597e-03
-25 -5.19615242271 1.5273280840353853e-03
-24 -3.46410161514 1.5071939880193471e-03
-23 -1.73205080757 1.4564941943648730e-03
-20 0 1.1967637126752589e-03
-19 1.73205080757 1.1009156013058129e-03
-18 3.46410161514 1.0092132070683535e-03
-17 5.19615242271 9.3340332901044396e-04
-16 6.92820323028 8.8345671597274823e-04
-15 8.66025403784 8.6602952026732655e-04
-14 10.3923048454 8.8345671597274660e-04
-13 12.124355653 9.3340332901044386e-04
-12 13.8564064606 1.0092132070683567e-03
-11 15.5884572681 1.1009156013058099e-03
-10 17.3205080757 1.1967637126752660e-03
-9 19.0525588833 1.2850836402553002e-03
-8 20.7846096908 1.3561270171699351e-03
-7 22.5166604984 1.4035833977140042e-03
-6 24.248711306 1.4254518890571596e-03
26 -24.248711306 1.4055191614444132e-03
27 -22.5166604984 1.3779595893317305e-03
28 -20.7846096908 1.3502469762609651e-03
-28 -13.8564064606 1.3502469762609643e-03
-27 -12.124355653 1.3779595893317371e-03
-26 -10.3923048454 1.4055191614444193e-03
-25 -8.66025403784 1.4241000814888747e-03
-24 -6.92820323028 1.4254518890571661e-03
-23 -5.19615242271 1.4035833977140133e-03
-22 -3.46410161514 1.3561270171699416e-03
-21 -1.73205080757 1.2850836402553162e-03
-18 0 1.0082533763543147e-03
-17 1.73205080757 9.1714210130753823e-04
-16 3.46410161514 8.3753443964645099e-04
-15 5.19615242271 7.7857127640042353e-04
-14 6.92820323028 7.4721306814484669e-04
-13 8.66025403784 7.4721306814484745e-04
-12 10.3923048454 7.7857127640042548e-04
-11 12.124355653 8.3753443964644416e-04
-10 13.8564064606 9.1714210130753736e-04
-9 15.5884572681 1.0082533763543151e-03
-8 17.3205080757 1.1009156013058112e-03
-7 19.0525588833 1.1858612841947412e-03
-6 20.7846096908 1.2558690180608815e-03
-5 22.5166604984 1.3067278181067964e-03
-4 24.248711306 1.3376182213985872e-03
28 -24.248711306 1.3510716290031247e-03
-28 -17.3205080757 1.3301063821680164e-03
-27 -15.5884572681 1.3355863252598216e-03
-26 -13.8564064606 1.3440767938565060e-03
-25 -12.124355653 1.3510716290031318e-03
-24 -10.3923048454 1.3508536734907831e-03
-23 -8.66025403784 1.3376182213985944e-03
-22 -6.92820323028 1.3067278181068088e-03
-21 -5.19615242271 1.2558690180608906e-03
-20 -3.46410161514 1.1858612841947420e-03
-19 -1.73205080757 1.1009156013058127e-03
-16 0 8.2632257868281000e-04
-15 1.73205080757 7.4460850049605390e-04
-14 3.46410161514 6.7965502759444163e-04
-13 5.19615242271 6.3785104495882176e-04
-12 6.92820323028 6.2342395511749010e-04
-11 8.66025403784 6.3785104495881612e-04
-10 10.3923048454 6.7965502759443535e-04
-9 12.124355653 7.4460850049605086e-04
-8 13.8564064606 8.2632257868280870e-04
-7 15.5884572681 9.1714210130753682e-04
-6 17.3205080757 1.0092132070683574e-03
-5 19.0525588833 1.0955422063995495e-03
-4 20.7846096908 1.1708502620255744e-03
-3 22.5166604984 1.2320639895626547e-03
-2 24.248711306 1.2783658084374037e-03
-28 -20.7846096908 1.3502469762609664e-03
-27 -19.0525588833 1.3520926050843984e-03
-26 -17.3205080757 1.3502469762609645e-03
-25 -15.5884572681 1.3440767938565060e-03
-24 -13.8564064606 1.3317997435725716e-03
-23 -12.124355653 1.3108346420775464e-03
-22 -10.3923048454 1.2783658084374184e-03
-21 -8.66025403784 1.2320639895626615e-03
-20 -6.92820323028 1.1708502620255727e-03
-19 -5.19615242271 1.0955422063995517e-03
-18 -3.46410161514 1.0092132070683559e-03
-17 -1.73205080757 9.1714210130753996e-04
-14 0 6.6048270076780413e-04
-13 1.73205080757 5.9102808664141589e-04
-12 3.46410161514 5.4144430826648274e-04
-11 5.19615242271 5.1561511743102278e-04
-10 6.92820323028 5.1561511743102376e-04
-9 8.66025403784 5.4144430826647699e-04
-8 10.3923048454 5.9102808664141058e-04
-7 12.124355653 6.6048270076780023e-04
-6 13.8564064606 7.4460850049605271e-04
-5 15.5884572681 8.3753443964644948e-04
-4 17.3205080757 9.3340332901044462e-04
-3 19.0525588833 1.0269721864104564e-03
-2 20.7846096908 1.1140191860113094e-03
-1 22.5166604984 1.1915001862018366e-03
0 24.248711306 1.2574685269208911e-03
-28 -24.248711306 1.3510716290031325e-03
-27 -22.5166604984 1.3779595893317379e-03
-26 -20.7846096908 1.3914169060602860e-03
-25 -19.0525588833 1.3914169060602866e-03
-24 -17.3205080757 1.3779595893317360e-03
-23 -15.5884572681 1.3510716290031318e-03
-22 -13.8564064606 1.3108346420775477e-03
-21 -12.124355653 1.2574685269209024e-03
-20 -10.3923048454 1.1915001862018409e-03
-19 -8.66025403784 1.1140191860113129e-03
-18 -6.92820323028 1.0269721864104605e-03
-17 -5.19615242271 9.3340332901044635e-04
-16 -3.46410161514 8.3753443964645110e-04
-15 -1.73205080757 7.4460850049605531e-04
-12 0 5.1684900246507762e-04
-11 1.73205080757 4.6083619076093792e-04
-10 3.46410161514 4.2594962588480683e-04
-9 5.19615242271 4.1410044841242035e-04
-8 6.92820323028 4.2594962588480710e-04
-7 8.66025403784 4.6083619076094383e-04
-6 10.3923048454 5.1684900246507231e-04
-5 12.124355653 5.9102808664141145e-04
-4 13.8564064606 6.7965502759443947e-04
-3 15.5884572681 7.7857127640042169e-04
-2 17.3205080757 8.8345671597274444e-04
-1 19.0525588833 9.9001609741713624e-04
0 20.7846096908 1.0940582214305926e-03
1 22.5166604984 1.1915001862018370e-03
2 24.248711306 1.2783658084374034e-03
-26 -24.248711306 1.4055191614444193e-03
-25 -22.5166604984 1.4395577605904755e-03
-24 -20.7846096908 1.4511198649594680e-03
-23 -19.0525588833 1.4395577605904738e-03
-22 -17.3205080757 1.4055191614444184e-03
-21 -15.5884572681 1.3508536734907807e-03
-20 -13.8564064606 1.2783658084374106e-03
-19 -12.124355653 1.1915001862018418e-03
-18 -10.3923048454 1.0940582214306036e-03
-17 -8.66025403784 9.9001609741714166e-04
-16 -6.92820323028 8.8345671597274791e-04
-15 -5.19615242271 7.7857127640042602e-04
-14 -3.46410161514 6.7965502759444391e-04
-13 -1.73205080757 5.9102808664141752e-04
-10 0 3.9830765940017539e-04
-9 1.73205080757 3.5561160561143544e-04
-8 3.46410161514 3.3395431197269650e-04
-7 5.19615242271 3.3395431197269634e-04
-6 6.92820323028 3.5561160561143620e-04
-5 8.66025403784 3.9830765940018049e-04
-4 10.3923048454 4.6083619076094193e-04
-3 12.124355653 5.4144430826647862e-04
-2 13.8564064606 6.3785104495881850e-04
-1 15.5884572681 7.4721306814484224e-04
0 17.3205080757 8.6602952026732199e-04
1 19.0525588833 9.9001609741713580e-04
2 20.7846096908 1.1140191860113094e-03
3 22.5166604984 1.2320639895626521e-03
4 24.248711306 1.3376182213985861e-03
-24 -24.248711306 1.4855793103101807e-03
-23 -22.5166604984 1.5175416064827580e-03
-22 -20.7846096908 1.5175416064827541e-03
-21 -19.0525588833 1.4855793103101817e-03
-20 -17.3205080757 1.4241000814888707e-03
-19 -15.5884572681 1.3376182213985935e-03
-18 -13.8564064606 1.2320639895626595e-03
-17 -12.124355653 1.1140191860113176e-03
-16 -10.3923048454 9.9001609741714079e-04
-15 -8.66025403784 8.6602952026732438e-04
-14 -6.92820323028 7.4721306814484571e-04
-13 -5.19615242271 6.3785104495882425e-04
-12 -3.46410161514 5.4144430826648219e-04
-11 -1.73205080757 4.6083619076095055e-04
-8 0 3.0516925436905326e-04
-7 1.73205080757 2.7485465425991062e-04
-6 3.46410161514 2.6474445602620933e-04
-5 5.19615242271 2.7485465425990943e-04
-4 6.92820323028 3.0516925436905256e-04
-3 8.66025403784 3.5561160561144059e-04
-2 10.3923048454 4.2594962588480921e-04
-1 12.124355653 5.1561511743102864e-04
0 13.8564064606 6.2342395511748609e-04
1 15.5884572681 7.4721306814484246e-04
2 17.3205080757 8.8345671597274379e-04
3 19.0525588833 1.0269721864104553e-03
4 20.7846096908 1.1708502620255722e-03
5 22.5166604984 1.3067278181067975e-03
6 24.248711306 1.4254518890571576e-03
-22 -24.248711306 1.5770544785003266e-03
-21 -22.5166604984 1.5973074835010528e-03
-20 -20.7846096908 1.5770544785003243e-03
-19 -19.0525588833 1.5180802172252599e-03
-18 -17.3205080757 1.4254518890571633e-03
-17 -15.5884572681 1.3067278181067997e-03
-16 -13.8564064606 1.1708502620255809e-03
-15 -12.124355653 1.0269721864104597e-03
-14 -10.3923048454 8.8345671597275560e-04
-13 -8.66025403784 7.4721306814484452e-04
-12 -6.92820323028 6.2342395511749140e-04
-11 -5.19615242271 5.1561511743103395e-04
-10 -3.46410161514 4.2594962588480748e-04
-9 -1.73205080757 3.5561160561143723e-04
-6 0 2.3607058469128078e-04
-5 1.73205080757 2.1688925653716006e-04
-4 3.46410161514 2.1688925653715987e-04
-3 5.19615242271 2.3607058469127972e-04
-2 6.92820323028 2.7485465425990932e-04
-1 8.66025403784 3.3395431197269276e-04
0 10.3923048454 4.1410044841241889e-04
1 12.124355653 5.1561511743102853e-04
2 13.8564064606 6.3785104495881666e-04
3 15.5884572681 7.7857127640042093e-04
4 17.3205080757 9.3340332901044245e-04
5 19.0525588833 1.0955422063995482e-03
6 20.7846096908 1.2558690180608798e-03
7 22.5166604984 1.4035833977140044e-03
8 24.248711306 1.5273280840353784e-03
-20 -24.248711306 1.6634919501402224e-03
-19 -22.5166604984 1.6634919501402239e-03
-18 -20.7846096908 1.6166453486646081e-03
-17 -19.0525588833 1.5273280840353875e-03
-16 -17.3205080757 1.4035833977140075e-03
-15 -15.5884572681 1.2558690180608874e-03
-14 -13.8564064606 1.0955422063995508e-03
-13 -12.124355653 9.3340332901045426e-04
-12 -10.3923048454 7.7857127640042385e-04
-11 -8.66025403784 6.3785104495882186e-04
-10 -6.92820323028 5.1561511743102636e-04
-9 -5.19615242271 4.1410044841242366e-04
-8 -3.46410161514 3.3395431197269873e-04
-7 -1.73205080757 2.7485465425991030e-04
-4 0 1.8889940336696691e-04
-3 1.73205080757 1.7969889108581614e-04
-2 3.46410161514 1.8889940336696707e-04
-1 5.19615242271 2.1688925653715570e-04
0 6.92820323028 2.6474445602620575e-04
1 8.66025403784 3.3395431197269287e-04
2 10.3923048454 4.2594962588480244e-04
3 12.124355653 5.4144430826647764e-04
4 13.8564064606 6.7965502759443589e-04
5 15.5884572681 8.3753443964644904e-04
6 17.3205080757 1.0092132070683541e-03
7 19.0525588833 1.1858612841947412e-03
8 20.7846096908 1.3561270171699327e-03
9 22.5166604984 1.5071939880193404e-03
10 24.248711306 1.6263379733738015e-03
-18 -24.248711306 1.7290344123983116e-03
-17 -22.5166604984 1.7027168825038950e-03
-16 -20.7846096908 1.6263379733738065e-03
-15 -19.0525588833 1.5071939880193477e-03
-14 -17.3205080757 1.3561270171699403e-03
-13 -15.5884572681 1.1858612841947407e-03
-12 -13.8564064606 1.0092132070683630e-03
-11 -12.124355653 8.3753443964644991e-04
-10 -10.3923048454 6.7965502759443892e-04
-9 -8.66025403784 5.4144430826647645e-04
-8 -6.92820323028 4.2594962588480916e-04
-7 -5.19615242271 3.3395431197269921e-04
-6 -3.46410161514 2.6474445602620879e-04
-5 -1.73205080757 2.1688925653716657e-04
-2 0 1.6158162573196271e-04
-1 1.73205080757 1.6158162573196047e-04
0 3.46410161514 1.7969889108581427e-04
1 5.19615242271 2.1688925653715581e-04
2 6.92820323028 2.7485465425990769e-04
3 8.66025403784 3.5561160561143311e-04
4 10.3923048454 4.6083619076093559e-04
5 12.124355653 5.9102808664141036e-04
6 13.8564064606 7.4460850049604826e-04
7 15.5884572681 9.1714210130753649e-04
8 17.3205080757 1.1009156013058075e-03
9 19.0525588833 1.2850836402552974e-03
10 20.7846096908 1.4564941943648630e-03
11 22.5166604984 1.6011481116510004e-03
12 24.248711306 1.7060738065560043e-03
-16 -24.248711306 1.7612630654486199e-03
-15 -22.5166604984 1.7060738065560069e-03
-14 -20.7846096908 1.6011481116510057e-03
-13 -19.0525588833 1.4564941943648706e-03
-12 -17.3205080757 1.2850836402552995e-03
-11 -15.5884572681 1.1009156013058179e-03
-10 -13.8564064606 9.1714210130753866e-04
-9 -12.124355653 7.4460850049605379e-04
-8 -10.3923048454 5.9102808664141340e-04
-7 -8.66025403784 4.6083619076094372e-04
-6 -6.92820323028 3.5561160561143793e-04
-5 -5.19615242271 2.7485465425991371e-04
-4 -3.46410161514 2.1688925653716125e-04
-3 -1.73205080757 1.7969889108581386e-04
