# x  P_kmc  P_full_original_buggy  P_old_c3_sign  P_corrected_theory
-1 5.7500000000000000e-06 5.8880698442514545e-04 5.1011296122953202e-06 5.8874311219069769e-06
0 4.8999999999999997e-06 5.6345860250583599e-04 4.7717647228335638e-06 5.2091857090246399e-06
1 7.2500000000000000e-06 5.5780374124122655e-04 5.6633712074893412e-06 5.8874311219032144e-06
2 8.1499999999999999e-06 5.6996211542852246e-04 7.9428282462871211e-06 8.0209224270678337e-06
3 1.0849999999999999e-05 5.9533909817828176e-04 1.1961331660918414e-05 1.1904759262872670e-05
4 1.9049999999999999e-05 6.2742452052259672e-04 1.8262463784864231e-05 1.8025367567135340e-05
5 2.6599999999999999e-05 6.5887502857459610e-04 2.7582910418095765e-05 2.7047508011932932e-05
6 4.0099999999999999e-05 6.8270366050513095e-04 4.0840721340399090e-05 3.9787835235687264e-05
7 5.9650000000000000e-05 6.9336411679746224e-04 5.9105692731878381e-05 5.7169932719045148e-05
8 7.8250000000000005e-05 6.8752229372575908e-04 8.3547260164552626e-05 8.0157911174473626e-05
9 1.0745000000000000e-04 6.6436891706353409e-04 1.1535670977274452e-04 1.0966893770230673e-04
10 1.4540000000000001e-04 6.2543659422984051e-04 1.5564172677288638e-04 1.4646826210495189e-04
11 1.9589999999999999e-04 5.7400953466034876e-04 2.0529178354705956e-04 1.9105217177935402e-04
12 2.4335000000000001e-04 5.1431049786003057e-04 2.6481319818319959e-04 2.4352435610828295e-04
13 2.9779999999999997e-04 4.5068319802863874e-04 3.3413505838816404e-04 3.0347046506938591e-04
14 3.6275000000000001e-04 3.8695193819253046e-04 4.1239495560146402e-04 3.6983689715693188e-04
15 4.4075000000000001e-04 3.2605493930826647e-04 4.9772923082638462e-04 4.4082615518311322e-04
16 5.2205000000000003e-04 2.6995139722055527e-04 5.8711513557027845e-04 5.1383356454870032e-04
17 5.9464999999999995e-04 2.1973018195473352e-04 6.7633473984898189e-04 5.8546531903282475e-04
18 6.5580000000000000e-04 1.7581883722549014e-04 7.6013946548376368e-04 6.5168700320067494e-04
19 7.0730000000000001e-04 1.3820285383885108e-04 8.3267540162911913e-04 7.0814371020368888e-04
20 7.5299999999999998e-04 1.0660025997622912e-04 8.8817562317133891e-04 7.5065997488874350e-04
21 7.8364999999999999e-04 8.0575048454942485e-05 9.2184405668268514e-04 7.7587266423107578e-04
22 8.0294999999999997e-04 5.9600240448503426e-05 9.3077067513820742e-04 7.8188874905832232e-04
23 7.6855000000000001e-04 4.3092433517172173e-05 9.1466453994119032e-04 7.6881764270277314e-04
24 7.3114999999999996e-04 3.0437516390871348e-05 8.7619866831418515e-04 7.3902759315923067e-04
25 6.9070000000000004e-04 2.1018614255742683e-05 8.2083669119657700e-04 6.9702572533346982e-04
26 6.5085000000000002e-04 1.4248583931139885e-05 7.5613500922629313e-04 6.4894858148747449e-04
27 6.0360000000000003e-04 9.6040938095124532e-06 6.9064375253100909e-04 6.0174434239928739e-04
28 5.6519999999999997e-04 6.6571052699592637e-06 6.3262149144405623e-04 5.6219660568232607e-04
29 5.3520000000000000e-04 5.1010972392711666e-06 5.8880695205212332e-04 5.3596316719939255e-04
30 5.2194999999999997e-04 4.7717335170123734e-06 5.6345857130001302e-04 5.2678343059579672e-04
31 5.3514999999999997e-04 5.6633389688796568e-06 5.5780370900261416e-04 5.3596316719939222e-04
32 5.6525000000000000e-04 7.9427928718777850e-06 5.6996208005410855e-04 5.6219660568232758e-04
33 5.9414999999999999e-04 1.1961291356090288e-05 5.9533905787346271e-04 6.0174434239929249e-04
34 6.3774999999999997e-04 1.8262417267529190e-05 6.2742447400527526e-04 6.4894858148748218e-04
35 6.9160000000000001e-04 2.7582857103360861e-05 6.5887497525986738e-04 6.9702572533347751e-04
36 7.4434999999999996e-04 4.0840661485920146e-05 6.8270360065066256e-04 7.3902759315924650e-04
37 7.6570000000000002e-04 5.9105627519531405e-05 6.9336405158510980e-04 7.6881764270277119e-04
38 7.8399999999999997e-04 8.3547191694133662e-05 6.8752222525534409e-04 7.8188874905832698e-04
39 7.6990000000000001e-04 1.1535664095126922e-04 6.6436884824207134e-04 7.7587266423108088e-04
40 7.4865000000000001e-04 1.5564166109668343e-04 6.2543652855363960e-04 7.5065997488874177e-04
41 7.1274999999999995e-04 2.0529172479124460e-04 5.7400947590455686e-04 7.0814371020369072e-04
42 6.5799999999999995e-04 2.6481315003086764e-04 5.1431044970770318e-04 6.5168700320066887e-04
43 5.9060000000000004e-04 3.3413502404395216e-04 4.5068316368444876e-04 5.8546531903282248e-04
44 5.1785000000000004e-04 4.1239493744092253e-04 3.8695192003200323e-04 5.1383356454869761e-04
45 4.4920000000000002e-04 4.9772923012906612e-04 3.2605493861096509e-04 4.4082615518310910e-04
46 3.7359999999999997e-04 5.8711515237437303e-04 2.6995141402464859e-04 3.6983689715691805e-04
47 3.0210000000000002e-04 6.7633477294783367e-04 2.1973021505359734e-04 3.0347046506937789e-04
48 2.5319999999999997e-04 7.6013951256477324e-04 1.7581888430652756e-04 2.4352435610828523e-04
49 1.9070000000000000e-04 8.3267545953492862e-04 1.3820291174465463e-04 1.9105217177934117e-04
50 1.5249999999999999e-04 8.8817568824630668e-04 1.0660032505120286e-04 1.4646826210495275e-04
51 1.0995000000000000e-04 9.2184412515712198e-04 8.0575116929367685e-05 1.0966893770230341e-04
52 8.1100000000000006e-05 9.3077074349931770e-04 5.9600308809604033e-05 8.0157911174480145e-05
53 5.7450000000000001e-05 9.1466460524599561e-04 4.3092498821980629e-05 5.7169932719047059e-05
54 3.9350000000000001e-05 8.7619872841192075e-04 3.0437576488599899e-05 3.9787835235688742e-05
55 2.7149999999999999e-05 8.2083674484521895e-04 2.1018667904374956e-05 2.7047508011933058e-05
56 1.8950000000000000e-05 7.5613505610543108e-04 1.4248630810262659e-05 1.8025367567137871e-05
57 1.2400000000000000e-05 6.9064379316661714e-04 9.6041344451084664e-06 1.1904759262877589e-05
58 8.6000000000000007e-06 6.3262152706878606e-04 6.6571408946886451e-06 8.0209224270652350e-06
59 5.7500000000000000e-06 5.8880698442514545e-04 5.1011296122953202e-06 5.8874311219069769e-06
60 4.8999999999999997e-06 5.6345860250583599e-04 4.7717647228335638e-06 5.2091857090246399e-06
