# x  y  P
0 0 1.5190000000000001e-04
1 1.73205080757 1.6074000000000001e-04
2 3.46410161514 1.8623000000000001e-04
3 5.19615242271 2.3547999999999999e-04
4 6.92820323028 3.0550999999999999e-04
5 8.66025403784 3.9905000000000002e-04
6 10.3923048454 5.1475000000000002e-04
7 12.124355653 6.6167999999999999e-04
8 13.8564064606 8.2633000000000001e-04
9 15.5884572681 1.0024400000000001e-03
10 17.3205080757 1.1940200000000001e-03
11 19.0525588833 1.3806999999999999e-03
12 20.7846096908 1.5448199999999999e-03
13 22.5166604984 1.6705999999999999e-03
14 24.248711306 1.7574600000000000e-03
-14 -24.248711306 1.7508300000000001e-03
-13 -22.5166604984 1.6735000000000001e-03
-12 -20.7846096908 1.5402000000000000e-03
-11 -19.0525588833 1.3823100000000001e-03
-10 -17.3205080757 1.1939400000000001e-03
-9 -15.5884572681 1.0130400000000000e-03
-8 -13.8564064606 8.2359000000000002e-04
-7 -12.124355653 6.6036000000000003e-04
-6 -10.3923048454 5.1756000000000003e-04
-5 -8.66025403784 3.9999000000000002e-04
-4 -6.92820323028 3.0613999999999999e-04
-3 -5.19615242271 2.3385999999999999e-04
-2 -3.46410161514 1.8710999999999999e-04
-1 -1.73205080757 1.6393000000000001e-04
2 0 1.6040000000000000e-04
3 1.73205080757 1.8055000000000000e-04
4 3.46410161514 2.1607000000000001e-04
5 5.19615242271 2.7669000000000001e-04
6 6.92820323028 3.5579999999999997e-04
7 8.66025403784 4.5994999999999999e-04
8 10.3923048454 5.8936999999999998e-04
9 12.124355653 7.4310000000000001e-04
10 13.8564064606 9.1383999999999996e-04
11 15.5884572681 1.1027900000000000e-03
12 17.3205080757 1.2852499999999999e-03
13 19.0525588833 1.4516100000000001e-03
14 20.7846096908 1.5993299999999999e-03
15 22.5166604984 1.7050300000000000e-03
16 24.248711306 1.7610900000000001e-03
-12 -24.248711306 1.7118000000000001e-03
-11 -22.5166604984 1.6035699999999999e-03
-10 -20.7846096908 1.4520100000000001e-03
-9 -19.0525588833 1.2818199999999999e-03
-8 -17.3205080757 1.1061999999999999e-03
-7 -15.5884572681 9.1675999999999997e-04
-6 -13.8564064606 7.4750000000000001e-04
-5 -12.124355653 5.8772999999999996e-04
-4 -10.3923048454 4.5848999999999998e-04
-3 -8.66025403784 3.5457000000000002e-04
-2 -6.92820323028 2.7676000000000003e-04
-1 -5.19615242271 2.1822000000000001e-04
0 -3.46410161514 1.7799999999999999e-04
1 -1.73205080757 1.6279000000000001e-04
4 0 1.8902000000000000e-04
5 1.73205080757 2.1864000000000001e-04
6 3.46410161514 2.6532999999999998e-04
7 5.19615242271 3.3431999999999998e-04
8 6.92820323028 4.2519999999999998e-04
9 8.66025403784 5.4352999999999997e-04
10 10.3923048454 6.8369999999999998e-04
11 12.124355653 8.3849000000000000e-04
12 13.8564064606 1.0079200000000000e-03
13 15.5884572681 1.1830899999999999e-03
14 17.3205080757 1.3516100000000001e-03
15 19.0525588833 1.5121600000000000e-03
16 20.7846096908 1.6271199999999999e-03
17 22.5166604984 1.7078099999999999e-03
18 24.248711306 1.7265300000000000e-03
-10 -24.248711306 1.6236700000000000e-03
-9 -22.5166604984 1.5017600000000000e-03
-8 -20.7846096908 1.3503499999999999e-03
-7 -19.0525588833 1.1842400000000000e-03
-6 -17.3205080757 1.0118200000000001e-03
-5 -15.5884572681 8.3819999999999999e-04
-4 -13.8564064606 6.8391000000000003e-04
-3 -12.124355653 5.4169000000000005e-04
-2 -10.3923048454 4.2955000000000001e-04
-1 -8.66025403784 3.3304000000000000e-04
0 -6.92820323028 2.6604999999999999e-04
1 -5.19615242271 2.1308000000000001e-04
2 -3.46410161514 1.8819000000000000e-04
3 -1.73205080757 1.7853000000000001e-04
6 0 2.3777999999999999e-04
7 1.73205080757 2.7584000000000002e-04
8 3.46410161514 3.3546999999999998e-04
9 5.19615242271 4.1681999999999998e-04
10 6.92820323028 5.1404000000000000e-04
11 8.66025403784 6.3433999999999995e-04
12 10.3923048454 7.7649999999999996e-04
13 12.124355653 9.2812000000000005e-04
14 13.8564064606 1.0920100000000000e-03
15 15.5884572681 1.2597600000000000e-03
16 17.3205080757 1.4022800000000001e-03
17 19.0525588833 1.5298700000000000e-03
18 20.7846096908 1.6189200000000000e-03
19 22.5166604984 1.6601999999999999e-03
20 24.248711306 1.6528800000000000e-03
-8 -24.248711306 1.5290900000000001e-03
-7 -22.5166604984 1.4072399999999999e-03
-6 -20.7846096908 1.2550199999999999e-03
-5 -19.0525588833 1.0912300000000001e-03
-4 -17.3205080757 9.3092999999999995e-04
-3 -15.5884572681 7.8014000000000002e-04
-2 -13.8564064606 6.3557000000000002e-04
-1 -12.124355653 5.1791999999999995e-04
0 -10.3923048454 4.1480999999999999e-04
1 -8.66025403784 3.3239000000000001e-04
2 -6.92820323028 2.7441000000000000e-04
3 -5.19615242271 2.3347999999999999e-04
4 -3.46410161514 2.1525000000000000e-04
5 -1.73205080757 2.1900000000000001e-04
8 0 3.0503000000000003e-04
9 1.73205080757 3.5626000000000001e-04
10 3.46410161514 4.2996000000000001e-04
11 5.19615242271 5.1754999999999998e-04
12 6.92820323028 6.2270999999999995e-04
13 8.66025403784 7.4781000000000001e-04
14 10.3923048454 8.8409000000000003e-04
15 12.124355653 1.0326300000000001e-03
16 13.8564064606 1.1765300000000001e-03
17 15.5884572681 1.3050700000000000e-03
18 17.3205080757 1.4245900000000001e-03
19 19.0525588833 1.5163500000000001e-03
20 20.7846096908 1.5666600000000001e-03
21 22.5166604984 1.5917500000000001e-03
22 24.248711306 1.5693599999999999e-03
-6 -24.248711306 1.4329900000000001e-03
-5 -22.5166604984 1.3100500000000001e-03
-4 -20.7846096908 1.1648699999999999e-03
-3 -19.0525588833 1.0306499999999999e-03
-2 -17.3205080757 8.8400000000000002e-04
-1 -15.5884572681 7.4208000000000000e-04
0 -13.8564064606 6.1525999999999996e-04
1 -12.124355653 5.1740000000000000e-04
2 -10.3923048454 4.2518999999999999e-04
3 -8.66025403784 3.5274999999999998e-04
4 -6.92820323028 3.0802000000000000e-04
5 -5.19615242271 2.7439000000000001e-04
6 -3.46410161514 2.6422000000000001e-04
7 -1.73205080757 2.7376000000000001e-04
10 0 4.0065000000000001e-04
11 1.73205080757 4.6296000000000000e-04
12 3.46410161514 5.4038000000000003e-04
13 5.19615242271 6.4084000000000005e-04
14 6.92820323028 7.4529999999999996e-04
15 8.66025403784 8.6554999999999998e-04
16 10.3923048454 9.9389000000000009e-04
17 12.124355653 1.1052700000000000e-03
18 13.8564064606 1.2351199999999999e-03
19 15.5884572681 1.3419300000000001e-03
20 17.3205080757 1.4299300000000000e-03
21 19.0525588833 1.4867700000000001e-03
22 20.7846096908 1.5211700000000001e-03
23 22.5166604984 1.5205700000000000e-03
24 24.248711306 1.4786100000000000e-03
-4 -24.248711306 1.3363500000000000e-03
-3 -22.5166604984 1.2322699999999999e-03
-2 -20.7846096908 1.1109399999999999e-03
-1 -19.0525588833 9.8868000000000003e-04
0 -17.3205080757 8.6733000000000003e-04
1 -15.5884572681 7.4534999999999998e-04
2 -13.8564064606 6.3383000000000005e-04
3 -12.124355653 5.4301000000000002e-04
4 -10.3923048454 4.6223999999999999e-04
5 -8.66025403784 3.9713999999999998e-04
6 -6.92820323028 3.5877000000000001e-04
7 -5.19615242271 3.3474999999999998e-04
8 -3.46410161514 3.3566999999999999e-04
9 -1.73205080757 3.5187000000000000e-04
12 0 5.1511000000000005e-04
13 1.73205080757 5.8870000000000005e-04
14 3.46410161514 6.8062999999999999e-04
15 5.19615242271 7.7055999999999999e-04
16 6.92820323028 8.8396000000000004e-04
17 8.66025403784 9.8509000000000010e-04
18 10.3923048454 1.0969000000000000e-03
19 12.124355653 1.1925799999999999e-03
20 13.8564064606 1.2809900000000001e-03
21 15.5884572681 1.3520299999999999e-03
22 17.3205080757 1.4044100000000000e-03
23 19.0525588833 1.4408400000000001e-03
24 20.7846096908 1.4511599999999999e-03
25 22.5166604984 1.4457800000000000e-03
26 24.248711306 1.4124400000000000e-03
-2 -24.248711306 1.2739400000000001e-03
-1 -22.5166604984 1.1981699999999999e-03
0 -20.7846096908 1.0948600000000000e-03
1 -19.0525588833 9.8901000000000002e-04
2 -17.3205080757 8.8263000000000002e-04
3 -15.5884572681 7.7574999999999996e-04
4 -13.8564064606 6.8663999999999997e-04
5 -12.124355653 5.8828000000000005e-04
6 -10.3923048454 5.1725000000000002e-04
7 -8.66025403784 4.6234999999999999e-04
8 -6.92820323028 4.2789999999999999e-04
9 -5.19615242271 4.1709000000000001e-04
10 -3.46410161514 4.2410000000000001e-04
11 -1.73205080757 4.6061000000000002e-04
14 0 6.6584999999999995e-04
15 1.73205080757 7.4253999999999998e-04
16 3.46410161514 8.3299999999999997e-04
17 5.19615242271 9.2643000000000001e-04
18 6.92820323028 1.0192500000000000e-03
19 8.66025403784 1.1117700000000000e-03
20 10.3923048454 1.1898799999999999e-03
21 12.124355653 1.2523499999999999e-03
22 13.8564064606 1.3135600000000001e-03
23 15.5884572681 1.3516699999999999e-03
24 17.3205080757 1.3723100000000001e-03
25 19.0525588833 1.3879400000000001e-03
26 20.7846096908 1.3949900000000000e-03
27 22.5166604984 1.3845100000000000e-03
28 24.248711306 1.3498500000000001e-03
0 -24.248711306 1.2564600000000000e-03
1 -22.5166604984 1.1948099999999999e-03
2 -20.7846096908 1.1155300000000000e-03
3 -19.0525588833 1.0236600000000000e-03
4 -17.3205080757 9.3157999999999999e-04
5 -15.5884572681 8.3695999999999998e-04
6 -13.8564064606 7.4403000000000002e-04
7 -12.124355653 6.6102999999999995e-04
8 -10.3923048454 5.9055000000000002e-04
9 -8.66025403784 5.4312000000000002e-04
10 -6.92820323028 5.1606000000000004e-04
11 -5.19615242271 5.1374000000000005e-04
12 -3.46410161514 5.4476000000000004e-04
13 -1.73205080757 5.8954000000000005e-04
16 0 8.2830999999999996e-04
17 1.73205080757 9.1609999999999999e-04
18 3.46410161514 1.0047999999999999e-03
19 5.19615242271 1.0919500000000000e-03
20 6.92820323028 1.1761499999999999e-03
21 8.66025403784 1.2354499999999999e-03
22 10.3923048454 1.2763600000000000e-03
23 12.124355653 1.3108000000000000e-03
24 13.8564064606 1.3289000000000000e-03
25 15.5884572681 1.3501800000000001e-03
26 17.3205080757 1.3523800000000000e-03
27 19.0525588833 1.3547100000000001e-03
28 20.7846096908 1.3492500000000000e-03
2 -24.248711306 1.2824200000000000e-03
3 -22.5166604984 1.2277600000000000e-03
4 -20.7846096908 1.1785400000000001e-03
5 -19.0525588833 1.0992400000000000e-03
6 -17.3205080757 1.0141799999999999e-03
7 -15.5884572681 9.1547999999999998e-04
8 -13.8564064606 8.2770999999999995e-04
9 -12.124355653 7.3977999999999999e-04
10 -10.3923048454 6.7927000000000005e-04
11 -8.66025403784 6.4178000000000000e-04
12 -6.92820323028 6.2111000000000002e-04
13 -5.19615242271 6.3783999999999998e-04
14 -3.46410161514 6.8104999999999999e-04
15 -1.73205080757 7.4114999999999999e-04
18 0 1.0031800000000000e-03
19 1.73205080757 1.1041600000000001e-03
20 3.46410161514 1.1815500000000000e-03
21 5.19615242271 1.2613100000000001e-03
22 6.92820323028 1.3030900000000000e-03
23 8.66025403784 1.3378000000000001e-03
24 10.3923048454 1.3531200000000000e-03
25 12.124355653 1.3567399999999999e-03
26 13.8564064606 1.3504400000000001e-03
27 15.5884572681 1.3366000000000001e-03
28 17.3205080757 1.3374400000000001e-03
-28 24.248711306 1.3504999999999999e-03
4 -24.248711306 1.3400500000000000e-03
5 -22.5166604984 1.3094000000000001e-03
6 -20.7846096908 1.2584100000000000e-03
7 -19.0525588833 1.1795600000000001e-03
8 -17.3205080757 1.0998799999999999e-03
9 -15.5884572681 1.0110000000000000e-03
10 -13.8564064606 9.1728000000000003e-04
11 -12.124355653 8.3359000000000005e-04
12 -10.3923048454 7.8089999999999995e-04
13 -8.66025403784 7.4887000000000000e-04
14 -6.92820323028 7.4688000000000000e-04
15 -5.19615242271 7.7539000000000004e-04
16 -3.46410161514 8.3942000000000001e-04
17 -1.73205080757 9.1529999999999997e-04
20 0 1.1996999999999999e-03
21 1.73205080757 1.2830700000000001e-03
22 3.46410161514 1.3561199999999999e-03
23 5.19615242271 1.4019400000000000e-03
24 6.92820323028 1.4239500000000000e-03
25 8.66025403784 1.4212300000000001e-03
26 10.3923048454 1.4075299999999999e-03
27 12.124355653 1.3730999999999999e-03
28 13.8564064606 1.3484199999999999e-03
-28 20.7846096908 1.3502600000000000e-03
-27 22.5166604984 1.3755400000000000e-03
-26 24.248711306 1.4070700000000001e-03
6 -24.248711306 1.4225900000000001e-03
7 -22.5166604984 1.4061700000000000e-03
8 -20.7846096908 1.3587000000000000e-03
9 -19.0525588833 1.2876299999999999e-03
10 -17.3205080757 1.1991100000000000e-03
11 -15.5884572681 1.1023500000000000e-03
12 -13.8564064606 1.0099200000000001e-03
13 -12.124355653 9.3566999999999999e-04
14 -10.3923048454 8.8542000000000004e-04
15 -8.66025403784 8.6302000000000004e-04
16 -6.92820323028 8.8882000000000002e-04
17 -5.19615242271 9.2891000000000002e-04
18 -3.46410161514 1.0124400000000001e-03
19 -1.73205080757 1.1023100000000000e-03
22 0 1.3852000000000001e-03
23 1.73205080757 1.4578200000000001e-03
24 3.46410161514 1.5063699999999999e-03
25 5.19615242271 1.5298700000000000e-03
26 6.92820323028 1.5179900000000001e-03
27 8.66025403784 1.4909800000000000e-03
28 10.3923048454 1.4406700000000000e-03
-28 17.3205080757 1.3354599999999999e-03
-27 19.0525588833 1.3481800000000000e-03
-26 20.7846096908 1.3936000000000000e-03
-25 22.5166604984 1.4423100000000000e-03
-24 24.248711306 1.4847100000000000e-03
8 -24.248711306 1.5181900000000000e-03
9 -22.5166604984 1.5124299999999999e-03
10 -20.7846096908 1.4555600000000001e-03
11 -19.0525588833 1.3823399999999999e-03
12 -17.3205080757 1.2853100000000000e-03
13 -15.5884572681 1.1841700000000000e-03
14 -13.8564064606 1.0955600000000000e-03
15 -12.124355653 1.0291100000000000e-03
16 -10.3923048454 9.8441999999999996e-04
17 -8.66025403784 9.9152000000000007e-04
18 -6.92820323028 1.0295700000000001e-03
19 -5.19615242271 1.0934199999999999e-03
20 -3.46410161514 1.1879200000000001e-03
21 -1.73205080757 1.2871800000000000e-03
24 0 1.5394300000000001e-03
25 1.73205080757 1.6040500000000001e-03
26 3.46410161514 1.6292600000000000e-03
27 5.19615242271 1.6095400000000000e-03
28 6.92820323028 1.5769899999999999e-03
-28 13.8564064606 1.3474100000000001e-03
-27 15.5884572681 1.3355699999999999e-03
-26 17.3205080757 1.3532700000000000e-03
-25 19.0525588833 1.3838800000000001e-03
-24 20.7846096908 1.4577600000000000e-03
-23 22.5166604984 1.5076099999999999e-03
-22 24.248711306 1.5811099999999999e-03
10 -24.248711306 1.6318900000000000e-03
11 -22.5166604984 1.6076100000000000e-03
12 -20.7846096908 1.5499000000000001e-03
13 -19.0525588833 1.4545700000000001e-03
14 -17.3205080757 1.3541000000000000e-03
15 -15.5884572681 1.2607199999999999e-03
16 -13.8564064606 1.1729600000000000e-03
17 -12.124355653 1.1176000000000001e-03
18 -10.3923048454 1.0964200000000001e-03
19 -8.66025403784 1.1136099999999999e-03
20 -6.92820323028 1.1679300000000000e-03
21 -5.19615242271 1.2585999999999999e-03
22 -3.46410161514 1.3589800000000001e-03
23 -1.73205080757 1.4517000000000000e-03
26 0 1.6697200000000000e-03
27 1.73205080757 1.7055300000000000e-03
28 3.46410161514 1.7019400000000001e-03
-28 10.3923048454 1.4397600000000000e-03
-27 12.124355653 1.3744000000000000e-03
-26 13.8564064606 1.3498399999999999e-03
-25 15.5884572681 1.3395600000000001e-03
-24 17.3205080757 1.3768000000000001e-03
-23 19.0525588833 1.4439699999999999e-03
-22 20.7846096908 1.5202000000000000e-03
-21 22.5166604984 1.5939699999999999e-03
-20 24.248711306 1.6671900000000000e-03
12 -24.248711306 1.6986799999999999e-03
13 -22.5166604984 1.6721699999999999e-03
14 -20.7846096908 1.5986399999999999e-03
15 -19.0525588833 1.5027899999999999e-03
16 -17.3205080757 1.4008400000000000e-03
17 -15.5884572681 1.3042300000000000e-03
18 -13.8564064606 1.2330300000000000e-03
19 -12.124355653 1.1949899999999999e-03
20 -10.3923048454 1.1860000000000000e-03
21 -8.66025403784 1.2312400000000000e-03
22 -6.92820323028 1.3095500000000000e-03
23 -5.19615242271 1.4063500000000000e-03
24 -3.46410161514 1.5044900000000000e-03
25 -1.73205080757 1.6006099999999999e-03
28 0 1.7524500000000000e-03
-28 6.92820323028 1.5763500000000000e-03
-27 8.66025403784 1.4917999999999999e-03
-26 10.3923048454 1.4065200000000001e-03
-25 12.124355653 1.3501500000000000e-03
-24 13.8564064606 1.3343100000000000e-03
-23 15.5884572681 1.3508500000000000e-03
-22 17.3205080757 1.3997100000000000e-03
-21 19.0525588833 1.4794000000000001e-03
-20 20.7846096908 1.5848900000000000e-03
-19 22.5166604984 1.6665499999999999e-03
-18 24.248711306 1.7278899999999999e-03
14 -24.248711306 1.7520400000000001e-03
15 -22.5166604984 1.6989800000000001e-03
16 -20.7846096908 1.6250900000000000e-03
17 -19.0525588833 1.5215599999999999e-03
18 -17.3205080757 1.4190900000000000e-03
19 -15.5884572681 1.3360200000000000e-03
20 -13.8564064606 1.2800000000000001e-03
21 -12.124355653 1.2603800000000000e-03
22 -10.3923048454 1.2763600000000000e-03
23 -8.66025403784 1.3374400000000001e-03
24 -6.92820323028 1.4233200000000001e-03
25 -5.19615242271 1.5269700000000001e-03
26 -3.46410161514 1.6316099999999999e-03
27 -1.73205080757 1.7083900000000000e-03
-28 3.46410161514 1.7022000000000001e-03
-27 5.19615242271 1.6228799999999999e-03
-26 6.92820323028 1.5213600000000000e-03
-25 8.66025403784 1.4232299999999999e-03
-24 10.3923048454 1.3474600000000000e-03
-23 12.124355653 1.3124499999999999e-03
-22 13.8564064606 1.3086100000000000e-03
-21 15.5884572681 1.3512400000000001e-03
-20 17.3205080757 1.4242100000000000e-03
-19 19.0525588833 1.5128900000000000e-03
-18 20.7846096908 1.6173900000000000e-03
-17 22.5166604984 1.7005099999999999e-03
-16 24.248711306 1.7563900000000000e-03
16 -24.248711306 1.7565899999999999e-03
17 -22.5166604984 1.6938999999999999e-03
18 -20.7846096908 1.6188800000000001e-03
19 -19.0525588833 1.5198300000000000e-03
20 -17.3205080757 1.4214799999999999e-03
21 -15.5884572681 1.3550700000000001e-03
22 -13.8564064606 1.3094300000000001e-03
23 -12.124355653 1.3103500000000001e-03
24 -10.3923048454 1.3480899999999999e-03
25 -8.66025403784 1.4300700000000001e-03
26 -6.92820323028 1.5140900000000001e-03
27 -5.19615242271 1.6139200000000000e-03
28 -3.46410161514 1.6984500000000000e-03
-28 0 1.7553000000000000e-03
-27 1.73205080757 1.7094600000000001e-03
-26 3.46410161514 1.6242699999999999e-03
-25 5.19615242271 1.5207300000000001e-03
-24 6.92820323028 1.4285100000000000e-03
-23 8.66025403784 1.3425799999999999e-03
-22 10.3923048454 1.2741700000000000e-03
-21 12.124355653 1.2678699999999999e-03
-20 13.8564064606 1.2763500000000001e-03
-19 15.5884572681 1.3319700000000000e-03
-18 17.3205080757 1.4205000000000001e-03
-17 19.0525588833 1.5273400000000001e-03
-16 20.7846096908 1.6319399999999999e-03
-15 22.5166604984 1.7057900000000000e-03
-14 24.248711306 1.7625700000000000e-03
18 -24.248711306 1.7305800000000000e-03
19 -22.5166604984 1.6677100000000000e-03
20 -20.7846096908 1.5807000000000000e-03
21 -19.0525588833 1.4868800000000001e-03
22 -17.3205080757 1.4008600000000001e-03
23 -15.5884572681 1.3491300000000000e-03
24 -13.8564064606 1.3373100000000000e-03
25 -12.124355653 1.3517900000000001e-03
26 -10.3923048454 1.4077499999999999e-03
27 -8.66025403784 1.4837299999999999e-03
28 -6.92820323028 1.5790600000000000e-03
-26 0 1.6591700000000000e-03
-25 1.73205080757 1.5993200000000000e-03
-24 3.46410161514 1.5145600000000001e-03
-23 5.19615242271 1.3974199999999999e-03
-22 6.92820323028 1.3145300000000000e-03
-21 8.66025403784 1.2305199999999999e-03
-20 10.3923048454 1.1912500000000000e-03
-19 12.124355653 1.1915199999999999e-03
-18 13.8564064606 1.2263500000000000e-03
-17 15.5884572681 1.3054099999999999e-03
-16 17.3205080757 1.4041200000000000e-03
-15 19.0525588833 1.5050899999999999e-03
-14 20.7846096908 1.5962800000000001e-03
-13 22.5166604984 1.6704700000000001e-03
-12 24.248711306 1.7068700000000001e-03
20 -24.248711306 1.6609699999999999e-03
21 -22.5166604984 1.5948399999999999e-03
22 -20.7846096908 1.5234400000000000e-03
23 -19.0525588833 1.4338000000000000e-03
24 -17.3205080757 1.3796200000000000e-03
25 -15.5884572681 1.3489800000000001e-03
26 -13.8564064606 1.3381000000000001e-03
27 -12.124355653 1.3811800000000001e-03
28 -10.3923048454 1.4335699999999999e-03
-28 -3.46410161514 1.7084400000000001e-03
-27 -1.73205080757 1.7120499999999999e-03
-24 0 1.5375700000000000e-03
-23 1.73205080757 1.4565299999999999e-03
-22 3.46410161514 1.3561599999999999e-03
-21 5.19615242271 1.2567399999999999e-03
-20 6.92820323028 1.1717500000000000e-03
-19 8.66025403784 1.1132399999999999e-03
-18 10.3923048454 1.0953499999999999e-03
-17 12.124355653 1.1123299999999999e-03
-16 13.8564064606 1.1678999999999999e-03
-15 15.5884572681 1.2660400000000000e-03
-14 17.3205080757 1.3610199999999999e-03
-13 19.0525588833 1.4536200000000001e-03
-12 20.7846096908 1.5439399999999999e-03
-11 22.5166604984 1.5959600000000000e-03
-10 24.248711306 1.6258900000000001e-03
22 -24.248711306 1.5751900000000000e-03
23 -22.5166604984 1.5169900000000000e-03
24 -20.7846096908 1.4465000000000001e-03
25 -19.0525588833 1.3868500000000000e-03
26 -17.3205080757 1.3576800000000000e-03
27 -15.5884572681 1.3279100000000001e-03
28 -13.8564064606 1.3560800000000000e-03
-28 -6.92820323028 1.5779600000000000e-03
-27 -5.19615242271 1.6214900000000000e-03
-26 -3.46410161514 1.6315500000000001e-03
-25 -1.73205080757 1.6053700000000001e-03
-22 0 1.3826600000000000e-03
-21 1.73205080757 1.2814500000000000e-03
-20 3.46410161514 1.1847699999999999e-03
-19 5.19615242271 1.0971200000000000e-03
-18 6.92820323028 1.0223100000000000e-03
-17 8.66025403784 9.9186999999999995e-04
-16 10.3923048454 9.9013000000000009e-04
-15 12.124355653 1.0242599999999999e-03
-14 13.8564064606 1.0958000000000001e-03
-13 15.5884572681 1.1884899999999999e-03
-12 17.3205080757 1.2880599999999999e-03
-11 19.0525588833 1.3793600000000000e-03
-10 20.7846096908 1.4562799999999999e-03
-9 22.5166604984 1.5106099999999999e-03
-8 24.248711306 1.5225300000000000e-03
24 -24.248711306 1.4854499999999999e-03
25 -22.5166604984 1.4421300000000000e-03
26 -20.7846096908 1.3888100000000001e-03
27 -19.0525588833 1.3511500000000000e-03
28 -17.3205080757 1.3316400000000000e-03
-28 -10.3923048454 1.4341300000000000e-03
-27 -8.66025403784 1.4914800000000001e-03
-26 -6.92820323028 1.5192599999999999e-03
-25 -5.19615242271 1.5195700000000000e-03
-24 -3.46410161514 1.5142700000000001e-03
-23 -1.73205080757 1.4490300000000000e-03
-20 0 1.1953100000000000e-03
-19 1.73205080757 1.0955400000000001e-03
-18 3.46410161514 1.0116100000000000e-03
-17 5.19615242271 9.3395000000000001e-04
-16 6.92820323028 8.8480999999999998e-04
-15 8.66025403784 8.6231999999999997e-04
-14 10.3923048454 8.8407999999999998e-04
-13 12.124355653 9.3504000000000005e-04
-12 13.8564064606 1.0141700000000000e-03
-11 15.5884572681 1.1004200000000000e-03
-10 17.3205080757 1.1907700000000001e-03
-9 19.0525588833 1.2875100000000000e-03
-8 20.7846096908 1.3550599999999999e-03
-7 22.5166604984 1.3986100000000000e-03
-6 24.248711306 1.4261600000000001e-03
26 -24.248711306 1.4069600000000001e-03
27 -22.5166604984 1.3784299999999999e-03
28 -20.7846096908 1.3527299999999999e-03
-28 -13.8564064606 1.3478699999999999e-03
-27 -12.124355653 1.3771400000000000e-03
-26 -10.3923048454 1.4034099999999999e-03
-25 -8.66025403784 1.4231199999999999e-03
-24 -6.92820323028 1.4333700000000000e-03
-23 -5.19615242271 1.4034200000000001e-03
-22 -3.46410161514 1.3617900000000001e-03
-21 -1.73205080757 1.2888299999999999e-03
-18 0 1.0079700000000000e-03
-17 1.73205080757 9.2090000000000000e-04
-16 3.46410161514 8.4572000000000000e-04
-15 5.19615242271 7.7957999999999999e-04
-14 6.92820323028 7.4414000000000001e-04
-13 8.66025403784 7.4549999999999996e-04
-12 10.3923048454 7.7240999999999996e-04
-11 12.124355653 8.3600999999999999e-04
-10 13.8564064606 9.1533999999999995e-04
-9 15.5884572681 1.0088899999999999e-03
-8 17.3205080757 1.0998500000000001e-03
-7 19.0525588833 1.1837799999999999e-03
-6 20.7846096908 1.2527899999999999e-03
-5 22.5166604984 1.3078100000000000e-03
-4 24.248711306 1.3366800000000000e-03
28 -24.248711306 1.3512600000000000e-03
-28 -17.3205080757 1.3338700000000000e-03
-27 -15.5884572681 1.3371100000000001e-03
-26 -13.8564064606 1.3421200000000000e-03
-25 -12.124355653 1.3504700000000001e-03
-24 -10.3923048454 1.3493400000000001e-03
-23 -8.66025403784 1.3363699999999999e-03
-22 -6.92820323028 1.3103600000000000e-03
-21 -5.19615242271 1.2579799999999999e-03
-20 -3.46410161514 1.1926199999999999e-03
-19 -1.73205080757 1.0988100000000000e-03
-16 0 8.2677000000000000e-04
-15 1.73205080757 7.3994999999999996e-04
-14 3.46410161514 6.7790000000000005e-04
-13 5.19615242271 6.3670000000000003e-04
-12 6.92820323028 6.1978000000000001e-04
-11 8.66025403784 6.3644000000000005e-04
-10 10.3923048454 6.7823999999999998e-04
-9 12.124355653 7.4114999999999999e-04
-8 13.8564064606 8.2927999999999995e-04
-7 15.5884572681 9.1531000000000002e-04
-6 17.3205080757 1.0068799999999999e-03
-5 19.0525588833 1.1018800000000000e-03
-4 20.7846096908 1.1664300000000000e-03
-3 22.5166604984 1.2277300000000000e-03
-2 24.248711306 1.2733000000000000e-03
-28 -20.7846096908 1.3500900000000000e-03
-27 -19.0525588833 1.3502799999999999e-03
-26 -17.3205080757 1.3470200000000000e-03
-25 -15.5884572681 1.3497800000000001e-03
-24 -13.8564064606 1.3351999999999999e-03
-23 -12.124355653 1.3145699999999999e-03
-22 -10.3923048454 1.2837500000000000e-03
-21 -8.66025403784 1.2348200000000000e-03
-20 -6.92820323028 1.1715100000000000e-03
-19 -5.19615242271 1.0919300000000001e-03
-18 -3.46410161514 1.0062900000000000e-03
-17 -1.73205080757 9.1883999999999998e-04
-14 0 6.6189000000000005e-04
-13 1.73205080757 5.9206999999999999e-04
-12 3.46410161514 5.4058999999999997e-04
-11 5.19615242271 5.1424000000000001e-04
-10 6.92820323028 5.1378999999999997e-04
-9 8.66025403784 5.4233999999999999e-04
-8 10.3923048454 5.9431000000000002e-04
-7 12.124355653 6.5609000000000002e-04
-6 13.8564064606 7.4534999999999998e-04
-5 15.5884572681 8.3781000000000003e-04
-4 17.3205080757 9.3594999999999995e-04
-3 19.0525588833 1.0288500000000000e-03
-2 20.7846096908 1.1198000000000000e-03
-1 22.5166604984 1.1952700000000000e-03
0 24.248711306 1.2504000000000000e-03
-28 -24.248711306 1.3462700000000001e-03
-27 -22.5166604984 1.3784500000000000e-03
-26 -20.7846096908 1.3950300000000000e-03
-25 -19.0525588833 1.3893800000000000e-03
-24 -17.3205080757 1.3794899999999999e-03
-23 -15.5884572681 1.3488700000000001e-03
-22 -13.8564064606 1.3077099999999999e-03
-21 -12.124355653 1.2568200000000001e-03
-20 -10.3923048454 1.1951700000000000e-03
-19 -8.66025403784 1.1141499999999999e-03
-18 -6.92820323028 1.0279300000000000e-03
-17 -5.19615242271 9.3293000000000000e-04
-16 -3.46410161514 8.3401000000000005e-04
-15 -1.73205080757 7.4722000000000005e-04
-12 0 5.1309000000000001e-04
-11 1.73205080757 4.6181000000000000e-04
-10 3.46410161514 4.2780999999999998e-04
-9 5.19615242271 4.1665000000000002e-04
-8 6.92820323028 4.2874999999999999e-04
-7 8.66025403784 4.6178000000000001e-04
-6 10.3923048454 5.1522000000000004e-04
-5 12.124355653 5.9190999999999996e-04
-4 13.8564064606 6.7672000000000001e-04
-3 15.5884572681 7.7760999999999998e-04
-2 17.3205080757 8.8115999999999997e-04
-1 19.0525588833 9.9073999999999994e-04
0 20.7846096908 1.0979000000000000e-03
1 22.5166604984 1.1892800000000000e-03
2 24.248711306 1.2778700000000000e-03
-26 -24.248711306 1.4025800000000001e-03
-25 -22.5166604984 1.4358900000000000e-03
-24 -20.7846096908 1.4512500000000001e-03
-23 -19.0525588833 1.4351600000000000e-03
-22 -17.3205080757 1.4095100000000001e-03
-21 -15.5884572681 1.3535900000000000e-03
-20 -13.8564064606 1.2784199999999999e-03
-19 -12.124355653 1.1877100000000000e-03
-18 -10.3923048454 1.0920100000000000e-03
-17 -8.66025403784 9.9372999999999996e-04
-16 -6.92820323028 8.8478999999999999e-04
-15 -5.19615242271 7.7340000000000004e-04
-14 -3.46410161514 6.7635999999999998e-04
-13 -1.73205080757 5.9071999999999998e-04
-10 0 3.9932999999999999e-04
-9 1.73205080757 3.5848999999999999e-04
-8 3.46410161514 3.3618999999999999e-04
-7 5.19615242271 3.3106999999999999e-04
-6 6.92820323028 3.5512000000000000e-04
-5 8.66025403784 3.9557999999999998e-04
-4 10.3923048454 4.6309999999999998e-04
-3 12.124355653 5.4337000000000005e-04
-2 13.8564064606 6.4119000000000003e-04
-1 15.5884572681 7.4047999999999996e-04
0 17.3205080757 8.6474999999999996e-04
1 19.0525588833 9.9104000000000011e-04
2 20.7846096908 1.1150500000000000e-03
3 22.5166604984 1.2304900000000001e-03
4 24.248711306 1.3360700000000000e-03
-24 -24.248711306 1.4779900000000000e-03
-23 -22.5166604984 1.5209500000000001e-03
-22 -20.7846096908 1.5170299999999999e-03
-21 -19.0525588833 1.4799500000000001e-03
-20 -17.3205080757 1.4215700000000000e-03
-19 -15.5884572681 1.3388600000000001e-03
-18 -13.8564064606 1.2327600000000001e-03
-17 -12.124355653 1.1139200000000000e-03
-16 -10.3923048454 9.9562000000000001e-04
-15 -8.66025403784 8.6602000000000001e-04
-14 -6.92820323028 7.4896999999999995e-04
-13 -5.19615242271 6.3805999999999997e-04
-12 -3.46410161514 5.4317000000000005e-04
-11 -1.73205080757 4.6319999999999998e-04
-8 0 3.0787000000000002e-04
-7 1.73205080757 2.8247000000000000e-04
-6 3.46410161514 2.6352000000000000e-04
-5 5.19615242271 2.7313000000000001e-04
-4 6.92820323028 3.0643000000000001e-04
-3 8.66025403784 3.5568999999999998e-04
-2 10.3923048454 4.2447999999999997e-04
-1 12.124355653 5.1672999999999997e-04
0 13.8564064606 6.2503000000000005e-04
1 15.5884572681 7.4609999999999998e-04
2 17.3205080757 8.8362000000000000e-04
3 19.0525588833 1.0301500000000001e-03
4 20.7846096908 1.1766000000000001e-03
5 22.5166604984 1.3098400000000000e-03
6 24.248711306 1.4242400000000000e-03
-22 -24.248711306 1.5785599999999999e-03
-21 -22.5166604984 1.5965599999999999e-03
-20 -20.7846096908 1.5853799999999999e-03
-19 -19.0525588833 1.5211599999999999e-03
-18 -17.3205080757 1.4252900000000001e-03
-17 -15.5884572681 1.3066099999999999e-03
-16 -13.8564064606 1.1666700000000001e-03
-15 -12.124355653 1.0241800000000000e-03
-14 -10.3923048454 8.8239000000000004e-04
-13 -8.66025403784 7.5157999999999996e-04
-12 -6.92820323028 6.2624000000000002e-04
-11 -5.19615242271 5.1446000000000000e-04
-10 -3.46410161514 4.2642000000000000e-04
-9 -1.73205080757 3.5612000000000003e-04
-6 0 2.3863000000000001e-04
-5 1.73205080757 2.1741999999999999e-04
-4 3.46410161514 2.1704000000000000e-04
-3 5.19615242271 2.3406999999999999e-04
-2 6.92820323028 2.7345000000000001e-04
-1 8.66025403784 3.3278000000000002e-04
0 10.3923048454 4.1502999999999999e-04
1 12.124355653 5.1825000000000005e-04
2 13.8564064606 6.3719999999999998e-04
3 15.5884572681 7.7203999999999999e-04
4 17.3205080757 9.3289000000000002e-04
5 19.0525588833 1.0927500000000000e-03
6 20.7846096908 1.2538600000000001e-03
7 22.5166604984 1.4057700000000000e-03
8 24.248711306 1.5243300000000000e-03
-20 -24.248711306 1.6664000000000000e-03
-19 -22.5166604984 1.6628100000000000e-03
-18 -20.7846096908 1.6150699999999999e-03
-17 -19.0525588833 1.5309200000000001e-03
-16 -17.3205080757 1.4061000000000000e-03
-15 -15.5884572681 1.2604400000000000e-03
-14 -13.8564064606 1.0905600000000000e-03
-13 -12.124355653 9.3110000000000003e-04
-12 -10.3923048454 7.7747000000000005e-04
-11 -8.66025403784 6.3946999999999995e-04
-10 -6.92820323028 5.1754000000000004e-04
-9 -5.19615242271 4.1449000000000000e-04
-8 -3.46410161514 3.3593000000000002e-04
-7 -1.73205080757 2.7575000000000001e-04
-4 0 1.8789999999999999e-04
-3 1.73205080757 1.8042000000000001e-04
-2 3.46410161514 1.8729000000000000e-04
-1 5.19615242271 2.1498000000000001e-04
0 6.92820323028 2.6607999999999997e-04
1 8.66025403784 3.3466000000000002e-04
2 10.3923048454 4.2489999999999997e-04
3 12.124355653 5.3967999999999996e-04
4 13.8564064606 6.8125000000000000e-04
5 15.5884572681 8.3321999999999997e-04
6 17.3205080757 1.0151900000000000e-03
7 19.0525588833 1.1868300000000000e-03
8 20.7846096908 1.3544099999999999e-03
9 22.5166604984 1.5040699999999999e-03
10 24.248711306 1.6298599999999999e-03
-18 -24.248711306 1.7255000000000000e-03
-17 -22.5166604984 1.7006000000000000e-03
-16 -20.7846096908 1.6265800000000001e-03
-15 -19.0525588833 1.5188199999999999e-03
-14 -17.3205080757 1.3512600000000000e-03
-13 -15.5884572681 1.1866400000000001e-03
-12 -13.8564064606 1.0075600000000000e-03
-11 -12.124355653 8.4175999999999999e-04
-10 -10.3923048454 6.7893999999999995e-04
-9 -8.66025403784 5.4067999999999998e-04
-8 -6.92820323028 4.2287000000000000e-04
-7 -5.19615242271 3.3210000000000000e-04
-6 -3.46410161514 2.6436000000000000e-04
-5 -1.73205080757 2.1634000000000001e-04
-2 0 1.6291999999999999e-04
-1 1.73205080757 1.6243000000000000e-04
0 3.46410161514 1.7961000000000000e-04
1 5.19615242271 2.1662999999999999e-04
2 6.92820323028 2.7597000000000000e-04
3 8.66025403784 3.5490000000000001e-04
4 10.3923048454 4.6072000000000002e-04
5 12.124355653 5.9002000000000002e-04
6 13.8564064606 7.4757999999999997e-04
7 15.5884572681 9.1686000000000003e-04
8 17.3205080757 1.1039800000000001e-03
9 19.0525588833 1.2852100000000000e-03
10 20.7846096908 1.4532000000000000e-03
11 22.5166604984 1.6036100000000001e-03
12 24.248711306 1.7147900000000001e-03
-16 -24.248711306 1.7603100000000000e-03
-15 -22.5166604984 1.7000100000000001e-03
-14 -20.7846096908 1.6028600000000000e-03
-13 -19.0525588833 1.4577600000000000e-03
-12 -17.3205080757 1.2869100000000001e-03
-11 -15.5884572681 1.1029400000000000e-03
-10 -13.8564064606 9.1887000000000002e-04
-9 -12.124355653 7.4795000000000005e-04
-8 -10.3923048454 5.8763000000000001e-04
-7 -8.66025403784 4.5898999999999999e-04
-6 -6.92820323028 3.5502000000000000e-04
-5 -5.19615242271 2.7597000000000000e-04
-4 -3.46410161514 2.1650000000000000e-04
-3 -1.73205080757 1.8091000000000000e-04
